function PB = griewank_k83_k26_k23_10D()
%GRIEWANK_K83_K26_K23_10D  Self-contained mixed-variable adaptation of griewank.
%
% Copyright (C) 2026 J. F. A. Madeira
%
% Auto-generated by generate_selfcontained_mixed_wrappers.m
% Source instance: p=22, n=10, strategy=sobol_digit_oscillatory, kappa=100000000
% Fixed variable pattern: C,K,D,C,D,K,C,K,D,C
% |K|max=83, |K|min=23, nK=3
%
% Structure:
%   x1    C  continuous   [-2217643.68496, 2217643.68496]  (orig: [-400, 400])
%   x2    K  categorical  {k2_1,...,k2_23}  embedding: permuted [-400,400]  (23 levels)
%   x3    D  discrete     {-400,...,400}  (106 pts)
%   x4    C  continuous   [-427406490.954, 427406490.954]  (orig: [-400, 400])
%   x5    D  discrete     {-400,...,400}  (125 pts)
%   x6    K  categorical  {k6_1,...,k6_83}  embedding: permuted [-400,400]  (83 levels)
%   x7    C  continuous   [-33492258276.5, 33492258276.5]  (orig: [-400, 400])
%   x8    K  categorical  {k8_1,...,k8_26}  embedding: permuted [-400,400]  (26 levels)
%   x9    D  discrete     {-400,...,400}  (60 pts)
%   x10   C  continuous   [-13913487178.5, 13913487178.5]  (orig: [-400, 400])
%
% Evaluation in embedded numeric space xh in R^10:
%   f(xh) = griewank_orig(xh)
%
% Known global optimum: f* = 0
% Exactly reachable representative x*: {x1=0, x2=k2_11, x3=0, x4=0, x5=0, x6=k6_22, x7=0, x8=k8_12, x9=0, x10=0}
%
lb_orig = [
    -400; -400; -400; -400; -400; -400; -400; -400;
    -400; -400
];
ub_orig = [
    400; 400; 400; 400; 400; 400; 400; 400;
    400; 400
];
lb_C_work = [
    -2217643.684955583; -400; -400; -427406490.9535665; -400; -400; -33492258276.47451; -400;
    -400; -13913487178.46344
];
ub_C_work = [
    2217643.684955583; 400; 400; 427406490.9535665; 400; 400; 33492258276.47451; 400;
    400; 13913487178.46344
];
K2_labels = {
    'k2_1'; 'k2_2'; 'k2_3'; 'k2_4'; 'k2_5'; 'k2_6'; 'k2_7'; 'k2_8'; 'k2_9'; 'k2_10';
    'k2_11'; 'k2_12'; 'k2_13'; 'k2_14'; 'k2_15'; 'k2_16'; 'k2_17'; 'k2_18'; 'k2_19'; 'k2_20';
    'k2_21'; 'k2_22'; 'k2_23'
};
K2_embed  = [
    60.29003796657953; 400; -152.8847373961061; 6.686356625626015; 17.69328847016464; -382.3067115298354; 1.266827688382239; 35.29080184704912;
    -81.78727184920075; -213.7340311412001; 0; 247.1152626038939; 186.2659688587999; -339.7099620334205; -393.313643374374; 318.2127281507993;
    -400; 135.192575900777; -264.807424099223; -364.7091981529509; 93.38573641587629; -398.7331723116177; -306.6142635841237
];
D3_vals = [
    -400; -399.6739726959404; -398.864706987204; -397.6445589948644; -396.046680112817; -394.0925510053482; -391.7978780246737; -389.1749366944309;
    -386.2337405812924; -382.9827064801303; -379.4290678002512; -375.5791483128395; -371.4385523766246; -367.0123022306776; -362.3049401664825; -357.3206065121292;
    -352.0631004342539; -346.5359282109609; -340.7423421620077; -334.6853724758518; -328.3678535439293; -321.7924459834069; -314.9616552302855; -307.8778473716751;
    -300.5432627316711; -292.9600276115793; -285.1301645002965; -277.0556010063477; -268.738177713801; -260.1796551261025; -251.3817198319887; -242.3459900040221;
    -233.0740203214799; -223.5673063942048; -213.8272887517903; -203.8553564524968; -193.6528503581073; -183.2210661141752; -172.5612568695047; -161.6746357640173;
    -150.5623782102288; -139.2256239902446; -127.6654791873714; -115.8830179690563; -103.8792842358202; -91.65529314910475; -79.21203254944095; -66.55046427504868;
    -53.67152538984669; -40.57612932886974; -27.26516696823512; -13.73950762605091; 0; 0.3150383513387136; 1.097027256871198; 2.276049403512065;
    3.820070785681692; 5.708334758221214; 7.925664361268943; 10.46019782533356; 13.30225909722506; 16.44371507536845; 19.87757615700929; 23.59773171759755;
    27.59876629679478; 31.87582693321592; 36.4245244361321; 41.24085802978236; 46.32115660080106; 51.66203205236442; 57.26034168617189; 63.11315744814949;
    69.21774048178419; 75.5715198476631; 82.17207455706145; 89.01711827330438; 96.10448618381112; 103.4321236555818; 110.9980763689636; 118.8004816866737;
    126.8375610626729; 135.107613332377; 143.6090087545701; 152.3401836982004; 161.2996358854214; 170.4859201168487; 179.8976444168331; 189.5334665461855;
    199.3920908377019; 209.4722653163666; 219.7727790715341; 230.2924598529171; 241.0301718660087; 251.9848137457667; 263.1553166901094; 274.5406427370704;
    286.1397831714438; 297.951757048435; 309.9756098232913; 322.2104120771473; 334.6552583304054; 347.309265935926; 360.1715740451243; 373.2413426407991;
    386.5177516311497; 400
];
D5_vals = [
    -400; -399.7624500462329; -399.1728030157484; -398.2837790120525; -397.1195327976117; -395.6957156100511; -394.0237714088067; -392.1126443836328;
    -389.9696306176193; -387.600862754284; -385.0116111989731; -382.2064835766731; -379.1895633342011; -375.9645097744569; -372.5346325010185; -368.9029482389702;
    -365.0722251364012; -361.0450179370132; -356.8236963454241; -352.4104682169852; -347.8073987454589; -343.0164265092311; -338.0393770186157; -332.8779742515637;
    -327.5338505526017; -322.0085551869922; -316.30356178022; -310.4202748260507; -304.3600354105064; -298.1241262712812; -291.7137762903471; -285.1301645002965;
    -278.3744236712556; -271.4476435341903; -264.3508736875057; -257.0851262265737; -249.6513781298577; -242.0505734303804; -234.2836251971907; -226.3514173480732;
    -218.254806311877; -209.9946225564282; -201.5716719959402; -192.986737290099; -184.2405790455086; -175.3339369289099; -166.2675307004874; -157.0420611746262;
    -147.658211114665; -138.1166460674692; -128.4180151430299; -118.5629517437458; -108.552074247565; -98.38598664874672; -88.06527915962585; -77.5905287764395;
    -66.96229981197996; -56.18114439758125; -45.24760295671615; -34.16220465227383; -22.92546780940643; -11.53790031566467; 0; 0.2375499537670789;
    0.8271969842515952; 1.7162209879475; 2.880467202388326; 4.30428438994889; 5.976228591193307; 7.887355616367267; 10.03036938238067; 12.39913724571596;
    14.98838880102688; 17.7935164233269; 20.81043666579894; 24.03549022554306; 27.46536749898149; 31.09705176102979; 34.92777486359876; 38.95498206298679;
    43.17630365457593; 47.58953178301478; 52.19260125454108; 56.98357349076888; 61.96062298138428; 67.12202574843629; 72.46614944739834; 77.99144481300779;
    83.69643821977999; 89.57972517394927; 95.63996458949359; 101.8758737287188; 108.2862237096528; 114.8698354997035; 121.6255763287444; 128.5523564658097;
    135.6491263124943; 142.9148737734263; 150.3486218701423; 157.9494265696196; 165.7163748028093; 173.6485826519268; 181.745193688123; 190.0053774435718;
    198.4283280040598; 207.013262709901; 215.7594209544914; 224.6660630710901; 233.7324692995126; 242.9579388253738; 252.341788885335; 261.8833539325308;
    271.5819848569701; 281.4370482562542; 291.447925752435; 301.6140133512533; 311.9347208403742; 322.4094712235605; 333.03770018802; 343.8188556024188;
    354.7523970432838; 365.8377953477262; 377.0745321905936; 388.4620996843353; 400
];
K6_labels = {
    'k6_1'; 'k6_2'; 'k6_3'; 'k6_4'; 'k6_5'; 'k6_6'; 'k6_7'; 'k6_8'; 'k6_9'; 'k6_10';
    'k6_11'; 'k6_12'; 'k6_13'; 'k6_14'; 'k6_15'; 'k6_16'; 'k6_17'; 'k6_18'; 'k6_19'; 'k6_20';
    'k6_21'; 'k6_22'; 'k6_23'; 'k6_24'; 'k6_25'; 'k6_26'; 'k6_27'; 'k6_28'; 'k6_29'; 'k6_30';
    'k6_31'; 'k6_32'; 'k6_33'; 'k6_34'; 'k6_35'; 'k6_36'; 'k6_37'; 'k6_38'; 'k6_39'; 'k6_40';
    'k6_41'; 'k6_42'; 'k6_43'; 'k6_44'; 'k6_45'; 'k6_46'; 'k6_47'; 'k6_48'; 'k6_49'; 'k6_50';
    'k6_51'; 'k6_52'; 'k6_53'; 'k6_54'; 'k6_55'; 'k6_56'; 'k6_57'; 'k6_58'; 'k6_59'; 'k6_60';
    'k6_61'; 'k6_62'; 'k6_63'; 'k6_64'; 'k6_65'; 'k6_66'; 'k6_67'; 'k6_68'; 'k6_69'; 'k6_70';
    'k6_71'; 'k6_72'; 'k6_73'; 'k6_74'; 'k6_75'; 'k6_76'; 'k6_77'; 'k6_78'; 'k6_79'; 'k6_80';
    'k6_81'; 'k6_82'; 'k6_83'
};
