function PB = cauchy_k86_k64_k25_10D()
%CAUCHY_K86_K64_K25_10D  Self-contained mixed-variable adaptation of cauchy.
%
% Copyright (C) 2026 J. F. A. Madeira
%
% Auto-generated by generate_selfcontained_mixed_wrappers.m
% Source instance: p=7, n=10, strategy=extreme, kappa=100000000
% Fixed variable pattern: C,K,D,C,D,K,C,K,D,C
% |K|max=86, |K|min=25, nK=3
%
% Structure:
%   x1    C  continuous   [2, 26]  (orig: [2, 26])
%   x2    K  categorical  {k2_1,...,k2_86}  embedding: permuted [2,26]  (86 levels)
%   x3    D  discrete     {2,...,26}  (34 pts)
%   x4    C  continuous   [2, 26]  (orig: [2, 26])
%   x5    D  discrete     {2,...,26}  (46 pts)
%   x6    K  categorical  {k6_1,...,k6_25}  embedding: permuted [2,26]  (25 levels)
%   x7    C  continuous   [200000000, 2600000000]  (orig: [2, 26])
%   x8    K  categorical  {k8_1,...,k8_64}  embedding: permuted [2,26]  (64 levels)
%   x9    D  discrete     {2,...,26}  (117 pts)
%   x10   C  continuous   [200000000, 2600000000]  (orig: [2, 26])
%
% Evaluation in embedded numeric space xh in R^10:
%   f(xh) = cauchy_orig(xh)
%
% Global optimum value inherited from the original problem when documented.
% Exactly reachable representative x*: {x1=14, x2=k2_43, x3=14, x4=14, x5=14, x6=k6_22, x7=1400000000, x8=k8_38, x9=14, x10=1400000000}
%
lb_orig = [
    2; 2; 2; 2; 2; 2; 2; 2;
    2; 2
];
ub_orig = [
    26; 26; 26; 26; 26; 26; 26; 26;
    26; 26
];
lb_C_work = [
    2; 2; 2; 2; 2; 2; 200000000; 2;
    2; 200000000
];
ub_C_work = [
    26; 26; 26; 26; 26; 26; 2600000000; 26;
    26; 2600000000
];
K2_labels = {
    'k2_1'; 'k2_2'; 'k2_3'; 'k2_4'; 'k2_5'; 'k2_6'; 'k2_7'; 'k2_8'; 'k2_9'; 'k2_10';
    'k2_11'; 'k2_12'; 'k2_13'; 'k2_14'; 'k2_15'; 'k2_16'; 'k2_17'; 'k2_18'; 'k2_19'; 'k2_20';
    'k2_21'; 'k2_22'; 'k2_23'; 'k2_24'; 'k2_25'; 'k2_26'; 'k2_27'; 'k2_28'; 'k2_29'; 'k2_30';
    'k2_31'; 'k2_32'; 'k2_33'; 'k2_34'; 'k2_35'; 'k2_36'; 'k2_37'; 'k2_38'; 'k2_39'; 'k2_40';
    'k2_41'; 'k2_42'; 'k2_43'; 'k2_44'; 'k2_45'; 'k2_46'; 'k2_47'; 'k2_48'; 'k2_49'; 'k2_50';
    'k2_51'; 'k2_52'; 'k2_53'; 'k2_54'; 'k2_55'; 'k2_56'; 'k2_57'; 'k2_58'; 'k2_59'; 'k2_60';
    'k2_61'; 'k2_62'; 'k2_63'; 'k2_64'; 'k2_65'; 'k2_66'; 'k2_67'; 'k2_68'; 'k2_69'; 'k2_70';
    'k2_71'; 'k2_72'; 'k2_73'; 'k2_74'; 'k2_75'; 'k2_76'; 'k2_77'; 'k2_78'; 'k2_79'; 'k2_80';
    'k2_81'; 'k2_82'; 'k2_83'; 'k2_84'; 'k2_85'; 'k2_86'
};
K2_embed  = [
    14.04016066836474; 21.83398894760063; 2.719195555099062; 6.155812864027285; 19.0576405906064; 2.297553437438296; 19.47173451904992; 14.45519700616379;
    8.72692219855108; 10.85252347022292; 14.02013482985203; 2.593496195873955; 14.15384813951401; 2.383162456661616; 21.32184041874903; 15.11878055895278;
    14.67970583501891; 15.29400026110291; 14.06860961195972; 15.68991785648398; 14.21196927843681; 14.36212370294364; 2.112446502030882; 2.021304628246794;
    2.859192019969672; 14.28121531928668; 7.789632723505035; 4.273574849765597; 2.072595710403354; 4.828327886307402; 14.95824370382969; 20.82977432426991;
    11.43764377835089; 16.96049227893378; 15.48426335371721; 17.5875089052238; 9.226572265939049; 13.32567787396195; 2.481643155995994; 16.67302954535787;
    3.36917941282105; 15.91130036285004; 14; 22.36644750470349; 2.001525397214839; 18.28584270451152; 2.042493932948105; 23.49318642474688;
    17.92762473697008; 18.66242810070629; 5.454927751080563; 3.788099127958779; 14.81201534858573; 14.56090839902576; 4.542127818025351; 10.28913000232341;
    12.67399335938229; 22.91943992074793; 3.183779752468498; 4.022343570704713; 2.162786447310196; 6.534842668891701; 17.26522395102229; 5.79593689738366;
    2.22428432273951; 12.04472395064071; 14.10627226908727; 3.570496458309996; 14.00760902379532; 7.351480662147781; 2; 19.90495919182844;
    6.933307017886092; 16.14873698923941; 3.013915986872179; 9.74722653979047; 20.35755913347327; 8.248026991979843; 25.34110182188692; 24.7038054975412;
    24.08790379457495; 16.40254420237306; 2.008051094768203; 14.00144164042769; 26; 5.132491701877214
];
D3_vals = [
    2; 2.081614115309012; 2.2841968562207; 2.58963538146352; 2.98963093307967; 3.478806276125453; 4.053229653889569; 4.709828145824666;
    5.446095064991105; 6.259923442866038; 7.149502546747427; 8.113249352808117; 9.149760927079482; 10.25778005707172; 11.43616967513342; 12.68389333673999;
    14; 14.07317676184771; 14.25481628498684; 14.52867825281167; 14.88732184172926; 15.32592572102513; 15.84096460315046; 16.42968324933045;
    17.08983411656946; 17.81952805697643; 18.61714153330898; 19.48125517641559; 20.41061108912343; 21.40408203089806; 22.46064848534313; 23.57938115666394;
    24.75942732268451; 26
];
D5_vals = [
    2; 2.046006629824581; 2.16020439003658; 2.332382904890378; 2.557864087955426; 2.833616742280094; 3.157424500329281; 3.527555128437681;
    3.942595584049097; 4.401358149566937; 4.902822098260064; 5.446095064991105; 6.030386202937565; 6.65498680981908; 7.319255910109228; 8.022609250466587;
    8.764510719802018; 9.544465537350831; 10.36201475912494; 11.21673078670874; 12.10821365115494; 13.03608790529223; 14; 14.04246891260238;
    14.1478853431543; 14.30682405105823; 14.51496667514486; 14.76951510481774; 15.06842340192616; 15.41009253432153; 15.79321811650436; 16.21670376138875;
    16.67960723185582; 17.18110478191128; 17.72046637754232; 18.2970378127069; 18.91022740021305; 19.55949581335529; 20.24434816574274; 20.96432772318007;
    21.71901083255047; 22.5080027759663; 23.33093434041782; 24.18745894904933; 25.07725023918744; 26
];
K6_labels = {
    'k6_1'; 'k6_2'; 'k6_3'; 'k6_4'; 'k6_5'; 'k6_6'; 'k6_7'; 'k6_8'; 'k6_9'; 'k6_10';
    'k6_11'; 'k6_12'; 'k6_13'; 'k6_14'; 'k6_15'; 'k6_16'; 'k6_17'; 'k6_18'; 'k6_19'; 'k6_20';
    'k6_21'; 'k6_22'; 'k6_23'; 'k6_24'; 'k6_25'
};
K6_embed  = [
    2.030842264373929; 6.534842668891701; 18.5348426688917; 2; 9.74722653979047; 2.162786447310196; 4.273574849765597; 8.016283295635262;
    14.1627864473102; 14.03084226437393; 23.73842446191417; 14.43076188312389; 20.01628329563526; 2.859192019969672; 21.74722653979047; 16.2735748497656;
    2.430761883123888; 15.46782495135868; 3.467824951358681; 26; 11.73842446191417; 14; 17.29140672055329; 14.85919201996967;
    5.291406720553288
];
K8_labels = {
    'k8_1'; 'k8_2'; 'k8_3'; 'k8_4'; 'k8_5'; 'k8_6'; 'k8_7'; 'k8_8'; 'k8_9'; 'k8_10';
    'k8_11'; 'k8_12'; 'k8_13'; 'k8_14'; 'k8_15'; 'k8_16'; 'k8_17'; 'k8_18'; 'k8_19'; 'k8_20';
    'k8_21'; 'k8_22'; 'k8_23'; 'k8_24'; 'k8_25'; 'k8_26'; 'k8_27'; 'k8_28'; 'k8_29'; 'k8_30';
    'k8_31'; 'k8_32'; 'k8_33'; 'k8_34'; 'k8_35'; 'k8_36'; 'k8_37'; 'k8_38'; 'k8_39'; 'k8_40';
    'k8_41'; 'k8_42'; 'k8_43'; 'k8_44'; 'k8_45'; 'k8_46'; 'k8_47'; 'k8_48'; 'k8_49'; 'k8_50';
    'k8_51'; 'k8_52'; 'k8_53'; 'k8_54'; 'k8_55'; 'k8_56'; 'k8_57'; 'k8_58'; 'k8_59'; 'k8_60';
    'k8_61'; 'k8_62'; 'k8_63'; 'k8_64'
};
