function PB = epistatic_michalewicz_k77_k73_k63_10D()
%EPISTATIC_MICHALEWICZ_K77_K73_K63_10D  Self-contained mixed-variable adaptation of epistatic_michalewicz.
%
% Copyright (C) 2026 J. F. A. Madeira
%
% Auto-generated by generate_selfcontained_mixed_wrappers.m
% Source instance: p=12, n=10, strategy=extreme, kappa=100000000
% Fixed variable pattern: C,K,D,C,D,K,C,K,D,C
% |K|max=77, |K|min=63, nK=3
%
% Structure:
%   x1    C  continuous   [0, 3.14159265359]  (orig: [0, 3.14159265359])
%   x2    K  categorical  {k2_1,...,k2_77}  embedding: permuted [0,3.14159265359]  (77 levels)
%   x3    D  discrete     {0,...,3.14159265359}  (33 pts)
%   x4    C  continuous   [0, 3.14159265359]  (orig: [0, 3.14159265359])
%   x5    D  discrete     {0,...,3.14159265359}  (26 pts)
%   x6    K  categorical  {k6_1,...,k6_63}  embedding: permuted [0,3.14159265359]  (63 levels)
%   x7    C  continuous   [0, 314159265.359]  (orig: [0, 3.14159265359])
%   x8    K  categorical  {k8_1,...,k8_73}  embedding: permuted [0,3.14159265359]  (73 levels)
%   x9    D  discrete     {0,...,3.14159265359}  (22 pts)
%   x10   C  continuous   [0, 314159265.359]  (orig: [0, 3.14159265359])
%
% Evaluation in embedded numeric space xh in R^10:
%   f(xh) = epistatic_michalewicz_orig(xh)
%
% Known global optimum: f* = -9.66
% Exactly reachable representative x*: {x1=1.57079632679, x2=k2_73, x3=1.57079632679, x4=1.57079632679, x5=1.57079632679, x6=k6_1, x7=157079632.679, x8=k8_20, x9=1.57079632679, x10=157079632.679}
%
lb_orig = [
    0; 0; 0; 0; 0; 0; 0; 0;
    0; 0
];
ub_orig = [
    3.141592653589793; 3.141592653589793; 3.141592653589793; 3.141592653589793; 3.141592653589793; 3.141592653589793; 3.141592653589793; 3.141592653589793;
    3.141592653589793; 3.141592653589793
];
lb_C_work = [
    0; 0; 0; 0; 0; 0; 0; 0;
    0; 0
];
ub_C_work = [
    3.141592653589793; 3.141592653589793; 3.141592653589793; 3.141592653589793; 3.141592653589793; 3.141592653589793; 314159265.3589793; 3.141592653589793;
    3.141592653589793; 314159265.3589793
];
K2_labels = {
    'k2_1'; 'k2_2'; 'k2_3'; 'k2_4'; 'k2_5'; 'k2_6'; 'k2_7'; 'k2_8'; 'k2_9'; 'k2_10';
    'k2_11'; 'k2_12'; 'k2_13'; 'k2_14'; 'k2_15'; 'k2_16'; 'k2_17'; 'k2_18'; 'k2_19'; 'k2_20';
    'k2_21'; 'k2_22'; 'k2_23'; 'k2_24'; 'k2_25'; 'k2_26'; 'k2_27'; 'k2_28'; 'k2_29'; 'k2_30';
    'k2_31'; 'k2_32'; 'k2_33'; 'k2_34'; 'k2_35'; 'k2_36'; 'k2_37'; 'k2_38'; 'k2_39'; 'k2_40';
    'k2_41'; 'k2_42'; 'k2_43'; 'k2_44'; 'k2_45'; 'k2_46'; 'k2_47'; 'k2_48'; 'k2_49'; 'k2_50';
    'k2_51'; 'k2_52'; 'k2_53'; 'k2_54'; 'k2_55'; 'k2_56'; 'k2_57'; 'k2_58'; 'k2_59'; 'k2_60';
    'k2_61'; 'k2_62'; 'k2_63'; 'k2_64'; 'k2_65'; 'k2_66'; 'k2_67'; 'k2_68'; 'k2_69'; 'k2_70';
    'k2_71'; 'k2_72'; 'k2_73'; 'k2_74'; 'k2_75'; 'k2_76'; 'k2_77'
};
K2_embed  = [
    1.993906706099243; 2.391893279026022; 1.620320960011657; 0.3365977702683885; 1.289444195750016; 0.02709408825891577; 0.007072667220081873; 2.2624875725098;
    1.202786779968766; 1.473409219130496; 0.0002538862875359219; 1.650960753216659; 0.06377335208078219; 3.141592653589793; 1.597890415053812; 1.868406578686985;
    2.610714560542033; 1.379638315004315; 1.582879117576239; 0.08016442642176194; 0.378412568494835; 0.2613925812305665; 1.119625292952673; 1.577868994014978;
    0; 2.092166551671515; 3.044205545925393; 0.01208279078134275; 2.145832633334472; 1.71379978196617; 0.1970276618383458; 2.950434641799212;
    2.773583106763663; 2.041541690693294; 1.798681807842191; 1.739551955346045; 0.5213702248766182; 1.571050213082432; 1.907394097063285; 0.9636233395919039;
    0.04952463321676058; 0.03732976138864866; 0.1430034551712734; 0.6317936844398852; 1.949208895289732; 1.57434225759921; 0.5750363065395756; 0.1687556285511485;
    0.423110379304346; 0.09878118589134276; 1.669577512686239; 0.2976102518920882; 2.534419666386801; 2.860240522544912; 0.001340019859361643; 1.589511861784278;
    0.2278854810472945; 1.832188908025463; 1.690498846060169; 0.8210969522311253; 1.572136346654258; 2.690421619747569; 0.4707453638983977; 0.6916912457149036;
    2.202590011234782; 1.608126088183545; 0.8906975474427697; 0.1197025192652721; 1.767823988633242; 1.039918233747136; 0.01871553498938143; 1.634569678875679;
    1.570796326794897; 0.7547767614654086; 2.325573088260305; 0.003545930804313805; 2.461493874237666
];
D3_vals = [
    0; 0.01068326271183422; 0.03720128148651103; 0.07718309094593373; 0.1295423862136794; 0.1935752888815917; 0.2687671331996743; 0.3547156748089009;
    0.4510927891561706; 0.5576226747067868; 0.6740683071043185; 0.8002224690143558; 0.9359015168098438; 1.0809408817607; 1.235191722059414; 1.398518367434971;
    1.570796326794897; 1.581479589506731; 1.607997608281408; 1.64797941774083; 1.700338713008576; 1.764371615676488; 1.839563459994571; 1.925512001603797;
    2.021889115951067; 2.128419001501683; 2.244864633899215; 2.371018795809253; 2.50669784360474; 2.651737208555597; 2.80598804885431; 2.969314694229868;
    3.141592653589793
];
D5_vals = [
    0; 0.01793055094422256; 0.06243780489881121; 0.1295423862136794; 0.2174210649025344; 0.3248924670727354; 0.4510927891561706; 0.5953469131513369;
    0.757104122093378; 0.9359015168098438; 1.131341280883349; 1.343075625340489; 1.570796326794897; 1.586320977688477; 1.624856301116426; 1.682956869331754;
    1.759044091184421; 1.852095108128971; 1.961362020735137; 2.086260297533811; 2.226313116109044; 2.381119688550101; 2.550335576974465; 2.73365965832052;
    2.930825066250168; 3.141592653589793
];
K6_labels = {
    'k6_1'; 'k6_2'; 'k6_3'; 'k6_4'; 'k6_5'; 'k6_6'; 'k6_7'; 'k6_8'; 'k6_9'; 'k6_10';
    'k6_11'; 'k6_12'; 'k6_13'; 'k6_14'; 'k6_15'; 'k6_16'; 'k6_17'; 'k6_18'; 'k6_19'; 'k6_20';
    'k6_21'; 'k6_22'; 'k6_23'; 'k6_24'; 'k6_25'; 'k6_26'; 'k6_27'; 'k6_28'; 'k6_29'; 'k6_30';
    'k6_31'; 'k6_32'; 'k6_33'; 'k6_34'; 'k6_35'; 'k6_36'; 'k6_37'; 'k6_38'; 'k6_39'; 'k6_40';
    'k6_41'; 'k6_42'; 'k6_43'; 'k6_44'; 'k6_45'; 'k6_46'; 'k6_47'; 'k6_48'; 'k6_49'; 'k6_50';
    'k6_51'; 'k6_52'; 'k6_53'; 'k6_54'; 'k6_55'; 'k6_56'; 'k6_57'; 'k6_58'; 'k6_59'; 'k6_60';
    'k6_61'; 'k6_62'; 'k6_63'
};
K6_embed  = [
    1.570796326794897; 2.187644267460636; 0.9373630556401876; 0.002184357919152218; 0.130675525788169; 0.2331090301290811; 0.4851325941177149; 0.005780199434401282;
    1.65152611897251; 1.571210185230552; 0; 0.01152911021712308; 0.06085100854266599; 1.701471852583066; 2.508159382435084; 1.803905356923978;
    1.590492407822575; 1.891969875397124; 1.73181891474952; 1.451920453069193; 0.3714746850263875; 1.572980684714049; 1.127521536065423; 2.338155374761176;
    0.01969608102767863; 1.58232543701202; 3.02271677986409; 0.03050807551815; 1.230356837311678; 1.845883812291429; 0.321173548602227; 0.1610225879546232;
    2.420678641271894; 0.08072979217761327; 0.1039565389089835; 1.942271011821284; 0.4260943976536497; 1.996890724448546; 0.6168479406657397; 2.055928920912612;
    3.141592653589793; 0.0004138584356558997; 1.601304402313046; 0.04416590234622747; 0.1951263215040174; 0.7673590479662792; 2.909261288688989; 1.029882899298264;
    0.8498823144769977; 1.338464961894093; 1.631647335337562; 0.2750874854965323; 1.67475286570388; 1.576576526229298; 0.6897095600875857; 0.5486859018678955;
    1.614962229141124; 2.119482228662792; 1.765922648298914; 2.260505886882482; 2.600679226093161; 2.801153164106574; 2.69831786286032
];
