function PB = fifteenn_local_minima_k89_k46_k29_8D()
%FIFTEENN_LOCAL_MINIMA_K89_K46_K29_8D  Self-contained mixed-variable adaptation of fifteenn_local_minima.
%
% Copyright (C) 2026 J. F. A. Madeira
%
% Auto-generated by generate_selfcontained_mixed_wrappers.m
% Source instance: p=18, n=8, strategy=extreme, kappa=100000000
% Fixed variable pattern: C,K,D,C,D,K,C,K
% |K|max=89, |K|min=29, nK=3
%
% Structure:
%   x1    C  continuous   [-10, 10]  (orig: [-10, 10])
%   x2    K  categorical  {k2_1,...,k2_89}  embedding: permuted [-10,10]  (89 levels)
%   x3    D  discrete     {-10,...,10}  (65 pts)
%   x4    C  continuous   [-1000000000, 1000000000]  (orig: [-10, 10])
%   x5    D  discrete     {-10,...,10}  (127 pts)
%   x6    K  categorical  {k6_1,...,k6_29}  embedding: permuted [-10,10]  (29 levels)
%   x7    C  continuous   [-1000000000, 1000000000]  (orig: [-10, 10])
%   x8    K  categorical  {k8_1,...,k8_46}  embedding: permuted [-10,10]  (46 levels)
%
% Evaluation in embedded numeric space xh in R^8:
%   f(xh) = fifteenn_local_minima_orig(xh)
%
% Known global optimum: f* = 0
% Exactly reachable representative x*: {x1=1, x2=k2_16, x3=1, x4=100000000, x5=1, x6=k6_18, x7=100000000, x8=k8_27}
%
lb_orig = [-10; -10; -10; -10; -10; -10; -10; -10];
ub_orig = [10; 10; 10; 10; 10; 10; 10; 10];
lb_C_work = [-10; -10; -10; -1000000000; -10; -10; -1000000000; -10];
ub_C_work = [10; 10; 10; 1000000000; 10; 10; 1000000000; 10];
K2_labels = {
    'k2_1'; 'k2_2'; 'k2_3'; 'k2_4'; 'k2_5'; 'k2_6'; 'k2_7'; 'k2_8'; 'k2_9'; 'k2_10';
    'k2_11'; 'k2_12'; 'k2_13'; 'k2_14'; 'k2_15'; 'k2_16'; 'k2_17'; 'k2_18'; 'k2_19'; 'k2_20';
    'k2_21'; 'k2_22'; 'k2_23'; 'k2_24'; 'k2_25'; 'k2_26'; 'k2_27'; 'k2_28'; 'k2_29'; 'k2_30';
    'k2_31'; 'k2_32'; 'k2_33'; 'k2_34'; 'k2_35'; 'k2_36'; 'k2_37'; 'k2_38'; 'k2_39'; 'k2_40';
    'k2_41'; 'k2_42'; 'k2_43'; 'k2_44'; 'k2_45'; 'k2_46'; 'k2_47'; 'k2_48'; 'k2_49'; 'k2_50';
    'k2_51'; 'k2_52'; 'k2_53'; 'k2_54'; 'k2_55'; 'k2_56'; 'k2_57'; 'k2_58'; 'k2_59'; 'k2_60';
    'k2_61'; 'k2_62'; 'k2_63'; 'k2_64'; 'k2_65'; 'k2_66'; 'k2_67'; 'k2_68'; 'k2_69'; 'k2_70';
    'k2_71'; 'k2_72'; 'k2_73'; 'k2_74'; 'k2_75'; 'k2_76'; 'k2_77'; 'k2_78'; 'k2_79'; 'k2_80';
    'k2_81'; 'k2_82'; 'k2_83'; 'k2_84'; 'k2_85'; 'k2_86'; 'k2_87'; 'k2_88'; 'k2_89'
};
K2_embed  = [
    10; -2.74244393687303; -9.513434567070473; 1.005400426696174; 8.596916308123006; -8.534064359022535; 9.049230846222667; 5.190984299322999;
    1.109192141086352; -9.410382578590132; 2.199401888072471; 2.053440711342689; 2.525044067660776; 1.075425654391401; 7.737691822107401; 1;
    8.159786383392984; -7.915889721048202; -6.887980592480663; -9.756057042802713; -9.816125192795285; 1.680103653084152; -9.99874943502353; -1.7650433285354;
    -3.204330278392916; 1.576319575830687; -4.877685856383001; 1.014290489237617; -9.993399478482454; -7.431892248563402; -6.592943814270082; 3.317459252122365;
    1.150443024076585; 6.938000415285702; 4.589608601560334; -9.295609407318048; -9.866542938672236; -4.485073645667677; -8.342023955919064; 1.4824142538808;
    4.041832957767483; 1.323071412342916; -9.940483926423116; -7.167549802961554; 4.883507525528072; -9.168762201786036; -9.685872280388644; 5.847362366287817;
    1.199589692252327; -5.253490802132355; 1.257013588772928; 4.309110585187957; -7.681254585901203; -5.612700598092926; 6.560093408587614; -8.13605725063683;
    -2.262745300185206; 3.787591424688115; 1.398098990578704; -10; 6.196601236396361; 1.794043041558605; -9.029502949206149; -8.712461352803381;
    -0.162051187950075; -4.075445996759335; 3.101179069357217; 9.516877078756471; 3.546197697061277; -5.955531506992497; -9.605134940469769; 1.0285036229886;
    -0.7148800678496592; 1.918403430307686; 5.512212471726446; -6.282204162728632; 1.001023189526202; 2.897155338808107; -9.965162238569489; 0.4095164295912408;
    -3.648598488848893; 2.356525854248039; -1.249149975853021; -8.877506918512829; 2.705181137324198; -9.907813089077177; 1.048694969290177; -9.982533846487357;
    7.330481118030286
];
D3_vals = [
    -10; -9.978515625; -9.925187060966739; -9.844782393331517; -9.739486215131025; -9.610714047829363; -9.459500900325107; -9.286655698588167;
    -9.092838311343636; -8.878603384092317; -8.644427580218334; -8.390727620253518; -8.117872817267894; -7.826194124117882; -7.51599086632739; -7.187535881049017;
    -6.841079523758154; -6.476852849316498; -6.095070177372799; -5.695931189684775; -5.279622665481526; -4.84631993270713; -4.396188093259226; -3.929383066295879;
    -3.446052483510474; -2.946336462782852; -2.430368281017591; -1.898274962742663; -1.350177797794366; -0.7861927988984903; -0.2064311079883403; 0.3890006414556453;
    1; 1.017578125; 1.061210586481759; 1.126996223637849; 1.213147642165525; 1.318506688139612; 1.44222653609764; 1.583645337518774;
    1.742223199809753; 1.917506322106286; 2.109104707094089; 2.316677401610757; 2.539922240417177; 2.778568443903551; 3.0323711093685; 3.30110700641444;
    3.584571298743328; 3.88257494146832; 4.194942582149529; 4.521510844803365; 4.86212691006057; 5.216647327785076; 5.584937014606088; 5.966868400303372;
    6.362320695309611; 6.771179257723121; 7.193335042803788; 7.628684121392366; 8.077127256350064; 8.538569528173962; 9.012920002554994; 9.500091433918255;
    10
];
D5_vals = [
    -10; -9.993652836347151; -9.977897892426716; -9.954143811429075; -9.923035991208188; -9.884992621559512; -9.840319476835871; -9.789255539344827;
    -9.73199575517104; -9.668703984131835; -9.599521047661693; -9.524570058181288; -9.443960122448193; -9.357789014400023; -9.266145164260408; -9.169109176750597;
    -9.066755014793586; -8.959150939300846; -8.84636026707283; -8.728441990414163; -8.605451289814576; -8.477439962692145; -8.344456785367509; -8.206547821289702;
    -8.063756685528663; -7.916124773336247; -7.763691458923923; -7.606494269353426; -7.444569037477253; -7.277950037122611; -7.106670103130609; -6.930760738402829;
    -6.75025220974109; -6.565173633971847; -6.375553055608441; -6.181417517110171; -5.982793122637848; -5.77970509607383; -5.572177833965408; -5.360234953959076;
    -5.143899339216785; -4.92319317924064; -4.698138007477918; -4.468754736031658; -4.235063687762435; -3.997084626032776; -3.754836782316352; -3.508338881868724;
    -3.257609167634492; -3.002665422546491; -2.743524990356128; -2.480204795119231; -2.212721359449153; -1.941090821637422; -1.665328951732494; -1.385451166658198;
    -1.101472544445862; -0.8134078376470182; -0.5212714859875849; -0.2250776283187896; 0.07515988608466095; 0.379427486833249; 0.6877118722959903; 1;
    1.005193133897786; 1.018083542559959; 1.037518699739848; 1.062970552647846; 1.094096945996763; 1.130647700770651; 1.172427285990596; 1.219276200314604;
    1.271060376619408; 1.327664597367707; 1.388988134215309; 1.454941717996934; 1.525445351854527; 1.600426683786939; 1.679819764476784; 1.763564078805249;
    1.851603776935671; 1.943887054213139; 2.040365644206593; 2.140994399242619; 2.245730939615517; 2.354535357426584; 2.467369964399336; 2.584199075476548;
    2.704988821815797; 2.829706988153153; 2.958322870529015; 3.090807151154975; 3.227131787808772; 3.36726991562041; 3.511195759488595; 3.658884555666381;
    3.810312481295762; 3.965456590865821; 4.124294758728041; 4.28680562693267; 4.452968557757775; 4.622763590391939; 4.796171401306211; 4.973173267913539;
    5.153751035166748; 5.337887084790794; 5.52556430688319; 5.716766073648917; 5.911476215064092; 6.109678996286621; 6.311359096652863; 6.516501590117235;
    6.725091927007416; 6.93711591698135; 7.152559713084266; 7.37140979681433; 7.593652964114836; 7.819276312218869; 8.048267227279656; 8.280613372726112;
    8.516302678288802; 8.755323329646522; 8.997663758648262; 9.243312634069268; 9.492258852863568; 9.744491531878538; 10
];
