function PB = langerman_k81_k38_k21_10D()
%LANGERMAN_K81_K38_K21_10D  Self-contained mixed-variable adaptation of langerman.
%
% Copyright (C) 2026 J. F. A. Madeira
%
% Auto-generated by generate_selfcontained_mixed_wrappers.m
% Source instance: p=29, n=10, strategy=extreme, kappa=100000000
% Fixed variable pattern: C,K,D,C,D,K,C,K,D,C
% |K|max=81, |K|min=21, nK=3
%
% Structure:
%   x1    C  continuous   [0, 10]  (orig: [0, 10])
%   x2    K  categorical  {k2_1,...,k2_21}  embedding: permuted [0,10]  (21 levels)
%   x3    D  discrete     {0,...,10}  (70 pts)
%   x4    C  continuous   [0, 10]  (orig: [0, 10])
%   x5    D  discrete     {0,...,10}  (43 pts)
%   x6    K  categorical  {k6_1,...,k6_38}  embedding: permuted [0,10]  (38 levels)
%   x7    C  continuous   [0, 1000000000]  (orig: [0, 10])
%   x8    K  categorical  {k8_1,...,k8_81}  embedding: permuted [0,10]  (81 levels)
%   x9    D  discrete     {0,...,10}  (61 pts)
%   x10   C  continuous   [0, 1000000000]  (orig: [0, 10])
%
% Evaluation in embedded numeric space xh in R^10:
%   f(xh) = langerman_orig(xh)
%
% Known global optimum: f* = -0.965
% Exactly reachable representative x*: {x1=8.074, x2=k2_17, x3=3.467, x4=1.867, x5=6.708, x6=k6_20, x7=453400000, x8=k8_79, x9=7.633, x10=156700000}
%
lb_orig = [
    0; 0; 0; 0; 0; 0; 0; 0;
    0; 0
];
ub_orig = [
    10; 10; 10; 10; 10; 10; 10; 10;
    10; 10
];
lb_C_work = [
    0; 0; 0; 0; 0; 0; 0; 0;
    0; 0
];
ub_C_work = [
    10; 10; 10; 10; 10; 10; 1000000000; 10;
    10; 1000000000
];
K2_labels = {
    'k2_1'; 'k2_2'; 'k2_3'; 'k2_4'; 'k2_5'; 'k2_6'; 'k2_7'; 'k2_8'; 'k2_9'; 'k2_10';
    'k2_11'; 'k2_12'; 'k2_13'; 'k2_14'; 'k2_15'; 'k2_16'; 'k2_17'; 'k2_18'; 'k2_19'; 'k2_20';
    'k2_21'
};
K2_embed  = [
    0.03494186635948046; 9.296591159308676; 9.726748201213814; 0; 0.9733971661396353; 0.184424276314015; 2.575781972284026; 8.802697948038286;
    5.137621044180664; 10; 8.845001339621954; 8.781868850695869; 3.728905646158828; 1.66293053803272; 9.492883620489113; 6.815977074451065;
    8.776999999999999; 8.912634582908598; 9.135913222297296; 9.008715170105276; 0.4880194258887157
];
D3_vals = [
    0; 0.006071441166625519; 0.0211419861105005; 0.04386418347809094; 0.07362067167078014; 0.110011427169644; 0.1527439585415065; 0.2015896649341456;
    0.2563620687729466; 0.3169044283548603; 0.3830820395661765; 0.4547771380226888; 0.5318853565935532; 0.6143131686671424; 0.7019759854523895; 0.794796703718687;
    0.8927045735121938; 0.99563429919368; 1.103525314461439; 1.21632118965233; 1.333969141331852; 1.456419622175619; 1.583625974719404; 1.715544136522714;
    1.85213238716591; 1.993351129617947; 2.139162700093631; 2.289531201716823; 2.444422358223719; 2.603803384651328; 2.767642872512823; 2.935910687401087;
    3.108577877312266; 3.28561659026263; 3.467; 3.477859008632095; 3.504813264326029; 3.545452797936458; 3.59867343423636; 3.663759715606066;
    3.740188509742962; 3.827550955133045; 3.925513529382394; 4.033795893859749; 4.152157125019382; 4.280386596680529; 4.418297644171058; 4.56572299150902;
    4.722511348352111; 4.888524812574007; 5.063636845130945; 5.247730662232956; 5.440697938694139; 5.642437747867534; 5.852855684527903; 6.071863131358787;
    6.299376639671008; 6.535317402076248; 6.77961079998156; 7.032186012557079; 7.292975676658317; 7.561915589326349; 7.838944446130425; 8.124003609889302;
    8.417036905302874; 8.717990435812155; 9.026812419632366; 9.343453042407502; 9.66786432434232; 10
];
D5_vals = [
    0; 0.02796393753943325; 0.097376086307725; 0.2020303340403317; 0.339083227147048; 0.506692331123363; 0.7035104844068596; 0.9284847936600988;
    1.180756377588521; 1.459603312834293; 1.764405177109079; 2.094619569392441; 2.449765793940483; 2.829413084440229; 3.233171840530739; 3.660686938961104;
    4.111632518500712; 4.585707839485472; 5.082633944707131; 5.602150929551255; 6.144015683259628; 6.708; 6.721723506615954; 6.755788025659665;
    6.807147862203455; 6.874407570627323; 6.95666296273973; 7.053252909163295; 7.163660694801587; 7.287464817385422; 7.424310987753502; 7.573894729135821;
    7.735949854269516; 7.910240458206927; 8.096555139233338; 8.2947026981257; 8.504508855554555; 8.72581369274066; 8.958469619497045; 9.202339735536057;
    9.457296490769638; 9.723220576817337; 10
];
K6_labels = {
    'k6_1'; 'k6_2'; 'k6_3'; 'k6_4'; 'k6_5'; 'k6_6'; 'k6_7'; 'k6_8'; 'k6_9'; 'k6_10';
    'k6_11'; 'k6_12'; 'k6_13'; 'k6_14'; 'k6_15'; 'k6_16'; 'k6_17'; 'k6_18'; 'k6_19'; 'k6_20';
    'k6_21'; 'k6_22'; 'k6_23'; 'k6_24'; 'k6_25'; 'k6_26'; 'k6_27'; 'k6_28'; 'k6_29'; 'k6_30';
    'k6_31'; 'k6_32'; 'k6_33'; 'k6_34'; 'k6_35'; 'k6_36'; 'k6_37'; 'k6_38'
};
K6_embed  = [
    0.1717889772116027; 6.365438991854028; 7.817477295587164; 6.956554459985321; 0; 3.473430395798256; 6.806951155793432; 0.2934805506323009;
    5.535141480901688; 1.202910560096815; 10; 0.6580919991915234; 8.103326712574511; 4.098928441760808; 7.131353789785981; 0.9067076576571772;
    7.560820182256564; 1.548999632869223; 6.681382757665114; 6.349; 2.39930967539945; 6.392500495309698; 6.497228325006351; 6.435765519186086;
    2.90747079062985; 1.947124669551447; 8.419247230809935; 9.144635856003221; 6.352114606536235; 4.785631708148025; 0.006166678610299726; 0.08612759616436935;
    7.332434942194052; 8.766080691268096; 0.4545841778989541; 9.555691664703936; 6.578596990734741; 0.03254792483793795
];
K8_labels = {
    'k8_1'; 'k8_2'; 'k8_3'; 'k8_4'; 'k8_5'; 'k8_6'; 'k8_7'; 'k8_8'; 'k8_9'; 'k8_10';
    'k8_11'; 'k8_12'; 'k8_13'; 'k8_14'; 'k8_15'; 'k8_16'; 'k8_17'; 'k8_18'; 'k8_19'; 'k8_20';
    'k8_21'; 'k8_22'; 'k8_23'; 'k8_24'; 'k8_25'; 'k8_26'; 'k8_27'; 'k8_28'; 'k8_29'; 'k8_30';
    'k8_31'; 'k8_32'; 'k8_33'; 'k8_34'; 'k8_35'; 'k8_36'; 'k8_37'; 'k8_38'; 'k8_39'; 'k8_40';
    'k8_41'; 'k8_42'; 'k8_43'; 'k8_44'; 'k8_45'; 'k8_46'; 'k8_47'; 'k8_48'; 'k8_49'; 'k8_50';
    'k8_51'; 'k8_52'; 'k8_53'; 'k8_54'; 'k8_55'; 'k8_56'; 'k8_57'; 'k8_58'; 'k8_59'; 'k8_60';
    'k8_61'; 'k8_62'; 'k8_63'; 'k8_64'; 'k8_65'; 'k8_66'; 'k8_67'; 'k8_68'; 'k8_69'; 'k8_70';
    'k8_71'; 'k8_72'; 'k8_73'; 'k8_74'; 'k8_75'; 'k8_76'; 'k8_77'; 'k8_78'; 'k8_79'; 'k8_80';
    'k8_81'
};
K8_embed  = [
    2.852604597779585; 2.118353486593389; 0.06573240718369726; 0.3147119412646221; 0.1172585118309031; 0.0005508788696169335; 4.77023901877905; 0.08933489343611684;
    0.2143340176083507; 0.0002081790836108082; 0.1615567287448859; 3.129697607210877; 6.859401951643893; 0.29540850046433; 0.08099758737044448; 8.873686452560708;
    0.035403199647529; 1.70672110375476; 0.2833345413370707; 10; 0.01245396231561713; 0.07313275082138683; 0.378438679595691; 0.480322850960178;
    0.5470709598771415; 8.340642287676044; 0.01534617312809451; 0.1074578474852929; 2.347224994691218; 0.3421346381054025; 0.8166745923825762; 0.04060870265696358;
    0.6250607126247241; 0.9311866150109722; 0.03060927627373127; 0.1739396366747921; 0.001877124652107268; 6.404221112411877; 9.426736037340275; 1.904956973726035;
    0.007693910420206814; 5.151194897229774; 0.009907523311849428; 0.2440314130920152; 0.714776556366163; 0.4242983322500351; 0.259728830348202; 5.55035109877387;
    0.2773896357265442; 0.1868592080063466; 0.04623530694656374; 1.199676708837266; 3.423436607872464; 0.05229222154460874; 0.004209208114048713; 0;
    0.09815244851703002; 0.002907556105348694; 7.333717607319382; 3.944256072873192e-05; 5.967947935924893; 1.058723290233393; 0.1497039184760992; 1.354422472774503;
    3.73409568615797; 0.00579937339212352; 0.001098775790727653; 0.05878836883327603; 0.02621706824754066; 0.01859641153260267; 7.82739125805653; 0.138374515799611;
    0.02221633361830692; 0.1275616998337123; 1.523321425262942; 4.407238293636601; 4.06194242372097; 2.591876548747363; 0.276; 0.2003218901295917;
    0.2289018172972633
];
