function PB = tenn_local_minima_k70_k64_k30_8D()
%TENN_LOCAL_MINIMA_K70_K64_K30_8D  Self-contained mixed-variable adaptation of tenn_local_minima.
%
% Copyright (C) 2026 J. F. A. Madeira
%
% Auto-generated by generate_selfcontained_mixed_wrappers.m
% Source instance: p=60, n=8, strategy=extreme, kappa=100000000
% Fixed variable pattern: C,K,D,C,D,K,C,K
% |K|max=70, |K|min=30, nK=3
%
% Structure:
%   x1    C  continuous   [-10, 10]  (orig: [-10, 10])
%   x2    K  categorical  {k2_1,...,k2_64}  embedding: permuted [-10,10]  (64 levels)
%   x3    D  discrete     {-10,...,10}  (82 pts)
%   x4    C  continuous   [-1000000000, 1000000000]  (orig: [-10, 10])
%   x5    D  discrete     {-10,...,10}  (67 pts)
%   x6    K  categorical  {k6_1,...,k6_70}  embedding: permuted [-10,10]  (70 levels)
%   x7    C  continuous   [-1000000000, 1000000000]  (orig: [-10, 10])
%   x8    K  categorical  {k8_1,...,k8_30}  embedding: permuted [-10,10]  (30 levels)
%
% Evaluation in embedded numeric space xh in R^8:
%   f(xh) = tenn_local_minima_orig(xh)
%
% Known global optimum: f* = 0
% Exactly reachable representative x*: {x1=1, x2=k2_52, x3=1, x4=100000000, x5=1, x6=k6_37, x7=100000000, x8=k8_16}
%
lb_orig = [-10; -10; -10; -10; -10; -10; -10; -10];
ub_orig = [10; 10; 10; 10; 10; 10; 10; 10];
lb_C_work = [-10; -10; -10; -1000000000; -10; -10; -1000000000; -10];
ub_C_work = [10; 10; 10; 1000000000; 10; 10; 1000000000; 10];
K2_labels = {
    'k2_1'; 'k2_2'; 'k2_3'; 'k2_4'; 'k2_5'; 'k2_6'; 'k2_7'; 'k2_8'; 'k2_9'; 'k2_10';
    'k2_11'; 'k2_12'; 'k2_13'; 'k2_14'; 'k2_15'; 'k2_16'; 'k2_17'; 'k2_18'; 'k2_19'; 'k2_20';
    'k2_21'; 'k2_22'; 'k2_23'; 'k2_24'; 'k2_25'; 'k2_26'; 'k2_27'; 'k2_28'; 'k2_29'; 'k2_30';
    'k2_31'; 'k2_32'; 'k2_33'; 'k2_34'; 'k2_35'; 'k2_36'; 'k2_37'; 'k2_38'; 'k2_39'; 'k2_40';
    'k2_41'; 'k2_42'; 'k2_43'; 'k2_44'; 'k2_45'; 'k2_46'; 'k2_47'; 'k2_48'; 'k2_49'; 'k2_50';
    'k2_51'; 'k2_52'; 'k2_53'; 'k2_54'; 'k2_55'; 'k2_56'; 'k2_57'; 'k2_58'; 'k2_59'; 'k2_60';
    'k2_61'; 'k2_62'; 'k2_63'; 'k2_64'
};
K2_embed  = [
    1.551928170985992; 9.339703810247784; 5.074078266537796; 1.104570834035906; 10; -9.272011330500055; -7.750880254581981; 1.002197265625;
    3.262229043333742; 2.705181137324198; 1.011597237497027; 5.976667002181442; 1.693785159623704; -9.434663998886663; -5.170089825430262; -3.435817593818196;
    0.1675339516161962; 3.913094351177723; -9.98470334014614; -9.997101824905904; 2.237627204500399; -7.398630576360004; 2.460500073633331; -0.6269741470069921;
    1.854904399376326; 6.98626027452447; 1.030688352413853; -9.573871492725532; -6.602704982011547; -10; -9.919263745257718; -9.862071939175884;
    -6.157652766567152; -9.786357514990886; -8.63356598183308; 8.7085656033743; 1.42861225477774; 1.234486507128151; -2.104172460075328; 7.532235547704076;
    -9.690714246321294; 1.323071412342916; -8.872388203813179; -9.959522318270155; 3.57567583691401; -4.626324633154537; -9.08490314170594; -7.01613869714495;
    -8.367580005326364; -1.384035613297167; 4.27498163406724; 1; 2.035968635250806; 4.661820026001252; 6.467875238104148; 5.512212471726446;
    -4.048429258602626; -5.68032644870762; -8.0736125436223; 8.106205401796071; 1.161974095114665; -2.787918013918219; 2.972240954017505; 1.061210586481759
];
D3_vals = [
    -10; -9.985622456151869; -9.949934484416783; -9.896126931973683; -9.825661748829278; -9.739486215131025; -9.638292968473573; -9.522623349650045;
    -9.392918948957066; -9.24955094032955; -9.092838311343636; -8.923059935260413; -8.740462959826003; -8.545268861774298; -8.337677952533719; -8.117872817267894;
    -7.886020996192681; -7.642277113373494; -7.386784593515374; -7.119677065510359; -6.841079523758154; -6.551109299351884; -6.249876880019153; -5.937486608312715;
    -5.614037280736772; -5.279622665481526; -4.934331952692815; -4.578250148367822; -4.21145842079465; -3.834034406769899; -3.446052483510474; -3.047584011134635;
    -2.638697549757436; -2.219459054579022; -1.789932051804524; -1.350177797794366; -0.9002554234827969; -0.4402220658044378; 0.02986701237881029; 0.5099583125648373;
    1; 1.011252047771851; 1.03918190610408; 1.08129237761239; 1.136439321719692; 1.203881384994194; 1.283076500488589; 1.373601008047191;
    1.475109313515275; 1.58731093147395; 1.709956218209158; 1.842826923977461; 1.985729627824946; 2.138490999256748; 2.300954272013927; 2.472976552636703;
    2.654426722031829; 2.845183769448849; 3.045135448898475; 3.254177180718647; 3.472211142710274; 3.699145510074986; 3.934893813718873; 4.179374393839631;
    4.432509931042743; 4.694227041155868; 4.964455922842115; 5.243130049332291; 5.530185897296894; 5.825562707196362; 6.12920227047946; 6.441048739814534;
    6.761048459187874; 7.089149811225143; 7.425303079514244; 7.769460324052274; 8.121575268221754; 8.481603195934547; 8.849500857775546; 9.225226385139942;
    9.608739211493537; 10
];
D5_vals = [
    -10; -9.979673266494085; -9.929218202785822; -9.853145975799801; -9.753523466256345; -9.631689923147924; -9.48862458604086; -9.325092793587839;
    -9.141718858840738; -8.939027541364826; -8.717469820515147; -8.477439962692145; -8.219287381288328; -7.94332519644405; -7.649836605141119; -7.339079743261609;
    -7.011291476389458; -6.666690409468911; -6.305479313973899; -5.927847112220065; -5.533970519220729; -5.124015415733208; -4.698138007477918; -4.256485812228798;
    -3.79919850684815; -3.326408659251162; -2.838242364989689; -2.334819804135472; -1.816255731070678; -1.282659907413249; -0.7341374864413037; -0.1707893559088358;
    0.4072875550283417; 1; 1.016630963777567; 1.057912379538872; 1.120153292527435; 1.201662618517536; 1.301344608333516; 1.418398065966569;
    1.552196805246314; 1.702230024584851; 1.868068375246961; 2.04934287412397; 2.245730939615517; 2.456946688036822; 2.682733930182141; 2.922860959429994;
    3.177116573695047; 3.445306973863171; 3.727253301343618; 4.022789652203174; 4.331761453638128; 4.654024120637585; 4.989441932581921; 5.337887084790794;
    5.69923888090371; 6.073383039851514; 6.460211096976322; 6.859619883190255; 7.271511069343705; 7.695790765487627; 8.132369166661888; 8.581160238366206;
    9.042081436074589; 9.515053454114097; 10
];
K6_labels = {
    'k6_1'; 'k6_2'; 'k6_3'; 'k6_4'; 'k6_5'; 'k6_6'; 'k6_7'; 'k6_8'; 'k6_9'; 'k6_10';
    'k6_11'; 'k6_12'; 'k6_13'; 'k6_14'; 'k6_15'; 'k6_16'; 'k6_17'; 'k6_18'; 'k6_19'; 'k6_20';
    'k6_21'; 'k6_22'; 'k6_23'; 'k6_24'; 'k6_25'; 'k6_26'; 'k6_27'; 'k6_28'; 'k6_29'; 'k6_30';
    'k6_31'; 'k6_32'; 'k6_33'; 'k6_34'; 'k6_35'; 'k6_36'; 'k6_37'; 'k6_38'; 'k6_39'; 'k6_40';
    'k6_41'; 'k6_42'; 'k6_43'; 'k6_44'; 'k6_45'; 'k6_46'; 'k6_47'; 'k6_48'; 'k6_49'; 'k6_50';
    'k6_51'; 'k6_52'; 'k6_53'; 'k6_54'; 'k6_55'; 'k6_56'; 'k6_57'; 'k6_58'; 'k6_59'; 'k6_60';
    'k6_61'; 'k6_62'; 'k6_63'; 'k6_64'; 'k6_65'; 'k6_66'; 'k6_67'; 'k6_68'; 'k6_69'; 'k6_70'
};
