function PB = epistatic_michalewicz_k109_5D()
%EPISTATIC_MICHALEWICZ_K109_5D  Self-contained mixed-variable adaptation of epistatic_michalewicz.
%
% Copyright (C) 2026 J. F. A. Madeira
%
% Auto-generated by generate_selfcontained_mixed_wrappers.m
% Source instance: p=11, n=5, strategy=sobol_oscillatory, kappa=1000000
% Fixed variable pattern: C,K,D,C,D
% |K|=109
%
% Structure:
%   x1    C  continuous   [0, 469005.422011]  (orig: [0, 3.14159265359])
%   x2    K  categorical  {k2_1,...,k2_109}  embedding: permuted [0,3.14159265359]  (109 levels)
%   x3    D  discrete     {0,...,3.14159265359}  (112 pts)
%   x4    C  continuous   [0, 2038.23095248]  (orig: [0, 3.14159265359])
%   x5    D  discrete     {0,...,3.14159265359}  (84 pts)
%
% Evaluation in embedded numeric space xh in R^5:
%   f(xh) = epistatic_michalewicz_orig(xh)
%
% Known global optimum: f* = -4.687
% Exactly reachable representative x*: {x1=234502.711006, x2=k2_99, x3=1.57079632679, x4=1019.11547624, x5=1.57079632679}
%
lb_orig = [0; 0; 0; 0; 0];
ub_orig = [3.141592653589793; 3.141592653589793; 3.141592653589793; 3.141592653589793; 3.141592653589793];
lb_C_work = [0; 0; 0; 0; 0];
ub_C_work = [469005.4220113075; 3.141592653589793; 3.141592653589793; 2038.230952479409; 3.141592653589793];
K2_labels = {
    'k2_1'; 'k2_2'; 'k2_3'; 'k2_4'; 'k2_5'; 'k2_6'; 'k2_7'; 'k2_8'; 'k2_9'; 'k2_10';
    'k2_11'; 'k2_12'; 'k2_13'; 'k2_14'; 'k2_15'; 'k2_16'; 'k2_17'; 'k2_18'; 'k2_19'; 'k2_20';
    'k2_21'; 'k2_22'; 'k2_23'; 'k2_24'; 'k2_25'; 'k2_26'; 'k2_27'; 'k2_28'; 'k2_29'; 'k2_30';
    'k2_31'; 'k2_32'; 'k2_33'; 'k2_34'; 'k2_35'; 'k2_36'; 'k2_37'; 'k2_38'; 'k2_39'; 'k2_40';
    'k2_41'; 'k2_42'; 'k2_43'; 'k2_44'; 'k2_45'; 'k2_46'; 'k2_47'; 'k2_48'; 'k2_49'; 'k2_50';
    'k2_51'; 'k2_52'; 'k2_53'; 'k2_54'; 'k2_55'; 'k2_56'; 'k2_57'; 'k2_58'; 'k2_59'; 'k2_60';
    'k2_61'; 'k2_62'; 'k2_63'; 'k2_64'; 'k2_65'; 'k2_66'; 'k2_67'; 'k2_68'; 'k2_69'; 'k2_70';
    'k2_71'; 'k2_72'; 'k2_73'; 'k2_74'; 'k2_75'; 'k2_76'; 'k2_77'; 'k2_78'; 'k2_79'; 'k2_80';
    'k2_81'; 'k2_82'; 'k2_83'; 'k2_84'; 'k2_85'; 'k2_86'; 'k2_87'; 'k2_88'; 'k2_89'; 'k2_90';
    'k2_91'; 'k2_92'; 'k2_93'; 'k2_94'; 'k2_95'; 'k2_96'; 'k2_97'; 'k2_98'; 'k2_99'; 'k2_100';
    'k2_101'; 'k2_102'; 'k2_103'; 'k2_104'; 'k2_105'; 'k2_106'; 'k2_107'; 'k2_108'; 'k2_109'
};
K2_embed  = [
    0.6758580412643835; 1.622300082453731; 1.184005781784864; 0.005198797050377841; 1.598235742132802; 0.3832356171865837; 1.305878777101613; 1.570905565074915;
    0.03449191425793881; 1.369440842099612; 0.08477402660895907; 1.868406578686985; 2.430152399735146; 1.655570353403856; 1.501885901476888; 0.1124679724149874;
    2.69646275133521; 0.05150375565883437; 1.244071799138451; 0.4474399949543733; 3.005568278816151; 0.6339558170818466; 1.632325650143458; 0.1280511537192118;
    2.01823632174927; 1.592105022918801; 1.586858001362521; 0.07260957173081775; 1.924085272253161; 0.2025450621137104; 0.3247537156117211; 1.014109582629234;
    1.578848958828324; 0.414613003419804; 1.125666424540313; 2.531658899160024; 0.003043118278505818; 0.7193328773326226; 1.613298373477498; 0.8110658384295184;
    1.698847480514108; 1.985409330214701; 0.2718384521053847; 2.088312890401255; 3.072682228271784; 1.605288241052835; 0.4817351202934541; 1.95403194398148;
    0.00152568847213474; 2.876675103896509; 1.842634778900281; 0.01165762684069872; 1.582453953635595; 0.5548021812844014; 1.572322015267031; 0.2474177620384068;
    2.381862165224415; 2.24665436805928; 0.593609517240654; 0.8593560729402496; 0.06152932334856151; 2.814868125933347; 0.008052632033427201; 1.571372889893469;
    1.683264299209884; 0.1628175295358568; 1.818214088833303; 0.0005765630985727339; 2.125598508079298; 2.754802108579761; 0.1448261024213971; 0.0274394153379054;
    0; 2.584905909424131; 0.02130869612390386; 1.575995123845274; 1.795123474081823; 1.715622429216294; 2.335193078120652; 0.2976102518920882;
    0.09805105361271123; 2.639835573783009; 2.290129204127519; 0.0001092382800181576; 2.204752143876743; 2.480079484396179; 0.04250204668260164; 1.733613856330753;
    2.164405844035551; 2.940237168894508; 0.7643967513257554; 0.5175165636063586; 0.01606167456762407; 1.573839445073402; 0.9092831576012821; 0.1820494148842026;
    3.141592653589793; 1.069039246988112; 1.570796326794897; 0.9608625723651278; 0.3532889454582639; 1.895550042406618; 1.643405898525714; 1.434771952021255;
    2.05253144708835; 1.752845741679099; 0.2243271472869268; 1.668847380407608; 1.773341388908607
];
D3_vals = [
    0; 0.001157356182470477; 0.004030148306335701; 0.008361521184862882; 0.01403379151298987; 0.02097070561715635; 0.02911650790997943; 0.03842762181674216;
    0.04886850042725478; 0.06040926517165277; 0.07302423835093062; 0.0866909713677297; 0.1013895694489946; 0.1171022042737021; 0.1338127512747813; 0.1515065128049712;
    0.1701700022975341; 0.1897907729034145; 0.210357279293949; 0.2318587646788271; 0.2542851673226924; 0.2776270423671281; 0.301875495827461; 0.3270221283901643;
    0.353058987184695; 0.3799785241071635; 0.4077735595747567; 0.4364372508181241; 0.46596306399386; 0.4963447495347588; 0.5275763202615964; 0.5596520318640148;
    0.5925663654248843; 0.6263140117161849; 0.6608898570378973; 0.6962889704068017; 0.7325065919311498; 0.7695381222311564; 0.8073791127851857; 0.846025257098135;
    0.8854723826024761; 0.9257164432141849; 0.9667535124757612; 1.008579777227018; 1.051191531751572; 1.094585172353181; 1.13875719232142; 1.183704177250819;
    1.229422800681581; 1.275909820033495; 1.323162072807684; 1.371176473033514; 1.419950007940281; 1.469479734835388; 1.519762778172519; 1.570796326794897;
    1.571916748280503; 1.574697861016592; 1.578891006833566; 1.58438225805256; 1.591097794482775; 1.598983639864358; 1.607997608281408; 1.618105287231942;
    1.629277751660612; 1.641490143320578; 1.654720730016355; 1.668950251876591; 1.684161449535303; 1.700338713008576; 1.717467813695026; 1.735535695424592;
    1.754530308564393; 1.774440476231731; 1.795255784917643; 1.816966493986836; 1.839563459994571; 1.863038072789823; 1.887382201106278; 1.912588145873276;
    1.938648599869494; 1.965556612634078; 1.99330555977091; 2.021889115951067; 2.051301231049723; 2.081536108956447; 2.112588188679003; 2.144452127425411;
    2.177122785400996; 2.210595212099197; 2.244864633899215; 2.279926442811683; 2.315776186236778; 2.352409557618495; 2.389822387894866; 2.428010637657472;
    2.46697038994493; 2.50669784360474; 2.547189307166061; 2.588441193173001; 2.630450012934041; 2.673212371648374; 2.716724963874419; 2.760984569309657;
    2.80598804885431; 2.851732340934299; 2.898214458061539; 2.94543148361185; 2.993380568802756; 3.042058929855224; 3.091463845324894; 3.141592653589793
];
