function PB = shekel_foxholes_k113_k72_k24_10D()
%SHEKEL_FOXHOLES_K113_K72_K24_10D  Self-contained mixed-variable adaptation of shekel_foxholes.
%
% Copyright (C) 2026 J. F. A. Madeira
%
% Auto-generated by generate_selfcontained_mixed_wrappers.m
% Source instance: p=51, n=10, strategy=sobol_oscillatory, kappa=1000000
% Fixed variable pattern: C,K,D,C,D,K,C,K,D,C
% |K|max=113, |K|min=24, nK=3
%
% Structure:
%   x1    C  continuous   [0, 1492890.625]  (orig: [0, 10])
%   x2    K  categorical  {k2_1,...,k2_72}  embedding: permuted [0,10]  (72 levels)
%   x3    D  discrete     {0,...,10}  (90 pts)
%   x4    C  continuous   [0, 6487.890625]  (orig: [0, 10])
%   x5    D  discrete     {0,...,10}  (58 pts)
%   x6    K  categorical  {k6_1,...,k6_113}  embedding: permuted [0,10]  (113 levels)
%   x7    C  continuous   [0, 3990390.625]  (orig: [0, 10])
%   x8    K  categorical  {k8_1,...,k8_24}  embedding: permuted [0,10]  (24 levels)
%   x9    D  discrete     {0,...,10}  (39 pts)
%   x10   C  continuous   [0, 8985.390625]  (orig: [0, 10])
%
% Evaluation in embedded numeric space xh in R^10:
%   f(xh) = shekel_foxholes_orig(xh)
%
% Known global optimum: f* = -10.2087915119
% Exactly reachable representative x*: {x1=1198044.72656, x2=k2_59, x3=5.114, x4=4944.42144531, x5=4.564, x6=k6_61, x7=1195521.03125, x8=k8_1, x9=0.734, x10=4476.52160938}
%
lb_orig = [
    0; 0; 0; 0; 0; 0; 0; 0;
    0; 0
];
ub_orig = [
    10; 10; 10; 10; 10; 10; 10; 10;
    10; 10
];
lb_C_work = [
    0; 0; 0; 0; 0; 0; 0; 0;
    0; 0
];
ub_C_work = [
    1492890.625; 10; 10; 6487.890625; 10; 10; 3990390.625; 10;
    10; 8985.390625
];
K2_labels = {
    'k2_1'; 'k2_2'; 'k2_3'; 'k2_4'; 'k2_5'; 'k2_6'; 'k2_7'; 'k2_8'; 'k2_9'; 'k2_10';
    'k2_11'; 'k2_12'; 'k2_13'; 'k2_14'; 'k2_15'; 'k2_16'; 'k2_17'; 'k2_18'; 'k2_19'; 'k2_20';
    'k2_21'; 'k2_22'; 'k2_23'; 'k2_24'; 'k2_25'; 'k2_26'; 'k2_27'; 'k2_28'; 'k2_29'; 'k2_30';
    'k2_31'; 'k2_32'; 'k2_33'; 'k2_34'; 'k2_35'; 'k2_36'; 'k2_37'; 'k2_38'; 'k2_39'; 'k2_40';
    'k2_41'; 'k2_42'; 'k2_43'; 'k2_44'; 'k2_45'; 'k2_46'; 'k2_47'; 'k2_48'; 'k2_49'; 'k2_50';
    'k2_51'; 'k2_52'; 'k2_53'; 'k2_54'; 'k2_55'; 'k2_56'; 'k2_57'; 'k2_58'; 'k2_59'; 'k2_60';
    'k2_61'; 'k2_62'; 'k2_63'; 'k2_64'; 'k2_65'; 'k2_66'; 'k2_67'; 'k2_68'; 'k2_69'; 'k2_70';
    'k2_71'; 'k2_72'
};
K2_embed  = [
    9.168653485622778; 4.081395918331373; 9.191198536294879; 0; 9.163503575609919; 0.00180199136278033; 8.536937578652878; 0.2649528978105126;
    9.656690401766506; 0.0857591988822192; 7.946687972132613; 9.152823648363762; 3.341177217748613; 0.1923038597272263; 1.855268270861977; 0.02516771088507926;
    10; 5.827843757479; 9.225575614154085; 0.1328359744356286; 2.389047004631688; 0.7011124764121517; 4.484238882963507; 3.003081641032953;
    9.615926441272157; 3.700493835869633; 1.19776529887109; 9.312665956050102; 0.009510967433332296; 9.154179520015758; 9.273103810630538; 9.182440506407421;
    9.159426733855637; 9.891297523358739; 6.321843148438654; 9.540334419665161; 9.472462215268346; 9.699470675478526; 9.840181995308601; 9.412066423024038;
    9.239897624084803; 9.744294794285542; 1.617447214403667; 1.398429778572695; 9.156347242126724; 9.334927286709705; 7.380956621948229; 0.8496043953872339;
    9.441345449633001; 2.685833042080825; 9.292070687966868; 5.357127469105781; 9.79118974460695; 9.174944881505029; 0.4526397653865367; 9.20127337322133;
    2.112327958273612; 9.505448278902021; 9.151999999999999; 9.384592741585765; 9.152156052183742; 9.944561837478828; 6.839443562592806; 0.05019918706954133;
    0.56897757423711; 1.014985856728944; 9.212716236077856; 9.577150686224892; 9.255726296562679; 9.358891114927248; 0.3515076066833249; 4.90936971266189
];
D3_vals = [
    0; 0.005630486299001874; 0.01960649207690877; 0.04067842828617311; 0.06827377088725568; 0.1020215491533113; 0.141650514634116; 0.1869486692338221;
    0.2377430788170038; 0.2938883854715474; 0.3552596683350334; 0.4217477159807863; 0.4932557412236621; 0.5696970100756497; 0.6509930772358585; 0.7370724393047451;
    0.8278694847355901; 0.9233236601619063; 1.023378798073776; 1.127982567165262; 1.23708601754183; 1.350643200387797; 1.468610846863709; 1.590948094683221;
    1.717616253485225; 1.848578602080361; 1.983800212117898; 2.123247793829603; 2.266889560358216; 2.414695107837526; 2.566635308907177; 2.722682217753028;
    2.88280898508896; 3.046989781757039; 3.215199729834346; 3.387414840307059; 3.563611956513745; 3.743768702676527; 3.927863436935707; 4.115875208384348;
    4.307783717667197; 4.503569280765624; 4.703212795638706; 4.906695711431902; 5.114; 5.119166196702074; 5.131989741796358; 5.151324087280855;
    5.176643919417486; 5.207608857705561; 5.243970020827449; 5.285532892038867; 5.33213879734388; 5.38365436503598; 5.439964975220332; 5.500970422038622;
    5.566581899371778; 5.63671982531177; 5.711312223152994; 5.79029348566238; 5.873603411617816; 5.961186440880156; 6.052991037509324; 6.14896918543605;
    6.249075971171467; 6.353269234836759; 6.461509275538642; 6.573758600492702; 6.689981709742925; 6.810144910127246; 6.934216153484853; 7.062164895120012;
    7.193961969317996; 7.32957947931377; 7.468990699587536; 7.612169988735487; 7.759092711462191; 7.909735168480685; 8.064074533300234; 8.222088795039804;
    8.383756706535015; 8.549057737113429; 8.717972029501935; 8.890480360404251; 9.066564104348865; 9.246205200460263; 9.42938612185079; 9.616089847368368;
    9.806299835467669; 10
];
D5_vals = [
    0; 0.01133603503144803; 0.03947436672868671; 0.08189915818781948; 0.137457728765664; 0.2054031914382869; 0.2851894331755385; 0.3763896315479681;
    0.4786556128254185; 0.5916947233548456; 0.7152554560376893; 0.8491179320761179; 0.9930872867882696; 1.14698889591004; 1.310664823051617; 1.483971108171355;
    1.666775653480078; 1.858956544981852; 2.060400698863621; 2.27100275486237; 2.490664160616946; 2.719292405932563; 2.956800376294819; 3.203105802378311;
    3.458130787662991; 3.721801400224173; 3.994047317715538; 4.274801516800408; 4.564; 4.57667544023344; 4.608138446540989; 4.65557592420091;
    4.717698997997098; 4.793672532733982; 4.88288588958986; 4.984861815082385; 5.099210997137694; 5.225606203714074; 5.363766210980861; 5.513445160438787;
    5.674425163238555; 5.846510962448019; 6.029525960759198; 6.223309188582739; 6.427712940161997; 6.642600896796051; 6.867846613293988; 7.103332280588251;
    7.348947701898384; 7.604589436520313; 7.870160076955059; 8.145567633374235; 8.430725005422062; 8.725549525773495; 9.029962563170312; 9.343889175157233;
    9.667257802656055; 10
];
K6_labels = {
    'k6_1'; 'k6_2'; 'k6_3'; 'k6_4'; 'k6_5'; 'k6_6'; 'k6_7'; 'k6_8'; 'k6_9'; 'k6_10';
    'k6_11'; 'k6_12'; 'k6_13'; 'k6_14'; 'k6_15'; 'k6_16'; 'k6_17'; 'k6_18'; 'k6_19'; 'k6_20';
    'k6_21'; 'k6_22'; 'k6_23'; 'k6_24'; 'k6_25'; 'k6_26'; 'k6_27'; 'k6_28'; 'k6_29'; 'k6_30';
    'k6_31'; 'k6_32'; 'k6_33'; 'k6_34'; 'k6_35'; 'k6_36'; 'k6_37'; 'k6_38'; 'k6_39'; 'k6_40';
    'k6_41'; 'k6_42'; 'k6_43'; 'k6_44'; 'k6_45'; 'k6_46'; 'k6_47'; 'k6_48'; 'k6_49'; 'k6_50';
    'k6_51'; 'k6_52'; 'k6_53'; 'k6_54'; 'k6_55'; 'k6_56'; 'k6_57'; 'k6_58'; 'k6_59'; 'k6_60';
    'k6_61'; 'k6_62'; 'k6_63'; 'k6_64'; 'k6_65'; 'k6_66'; 'k6_67'; 'k6_68'; 'k6_69'; 'k6_70';
    'k6_71'; 'k6_72'; 'k6_73'; 'k6_74'; 'k6_75'; 'k6_76'; 'k6_77'; 'k6_78'; 'k6_79'; 'k6_80';
    'k6_81'; 'k6_82'; 'k6_83'; 'k6_84'; 'k6_85'; 'k6_86'; 'k6_87'; 'k6_88'; 'k6_89'; 'k6_90';
    'k6_91'; 'k6_92'; 'k6_93'; 'k6_94'; 'k6_95'; 'k6_96'; 'k6_97'; 'k6_98'; 'k6_99'; 'k6_100';
    'k6_101'; 'k6_102'; 'k6_103'; 'k6_104'; 'k6_105'; 'k6_106'; 'k6_107'; 'k6_108'; 'k6_109'; 'k6_110';
    'k6_111'; 'k6_112'; 'k6_113'
};
