function PB = hartman_4_k95_k68_6D()
%HARTMAN_4_K95_K68_6D  Self-contained mixed-variable adaptation of hartman_4.
%
% Copyright (C) 2026 J. F. A. Madeira
%
% Auto-generated by generate_selfcontained_mixed_wrappers.m
% Source instance: p=26, n=6, strategy=baseline, kappa=1
% Fixed variable pattern: C,K,D,C,D,K
% |K|max=95, |K|min=68
%
% Structure:
%   x1    C  continuous   [0, 1]  (orig: [0, 1])
%   x2    K  categorical  {k2_1,...,k2_95}  embedding: permuted [0,1]  (95 levels)
%   x3    D  discrete     {0,...,1}  (61 pts)
%   x4    C  continuous   [0, 1]  (orig: [0, 1])
%   x5    D  discrete     {0,...,1}  (103 pts)
%   x6    K  categorical  {k6_1,...,k6_68}  embedding: permuted [0,1]  (68 levels)
%
% Evaluation in embedded numeric space xh in R^6:
%   f(xh) = hartman_4_orig(xh)
%
% Known global optimum: f* = -3.32237
% Exactly reachable representative x*: {x1=0.20169, x2=k2_5, x3=0.476874, x4=0.275332, x5=0.311652, x6=k6_39}
%
lb_orig = [0; 0; 0; 0; 0; 0];
ub_orig = [1; 1; 1; 1; 1; 1];
lb_C_work = [0; 0; 0; 0; 0; 0];
ub_C_work = [1; 1; 1; 1; 1; 1];
K2_labels = {
    'k2_1'; 'k2_2'; 'k2_3'; 'k2_4'; 'k2_5'; 'k2_6'; 'k2_7'; 'k2_8'; 'k2_9'; 'k2_10';
    'k2_11'; 'k2_12'; 'k2_13'; 'k2_14'; 'k2_15'; 'k2_16'; 'k2_17'; 'k2_18'; 'k2_19'; 'k2_20';
    'k2_21'; 'k2_22'; 'k2_23'; 'k2_24'; 'k2_25'; 'k2_26'; 'k2_27'; 'k2_28'; 'k2_29'; 'k2_30';
    'k2_31'; 'k2_32'; 'k2_33'; 'k2_34'; 'k2_35'; 'k2_36'; 'k2_37'; 'k2_38'; 'k2_39'; 'k2_40';
    'k2_41'; 'k2_42'; 'k2_43'; 'k2_44'; 'k2_45'; 'k2_46'; 'k2_47'; 'k2_48'; 'k2_49'; 'k2_50';
    'k2_51'; 'k2_52'; 'k2_53'; 'k2_54'; 'k2_55'; 'k2_56'; 'k2_57'; 'k2_58'; 'k2_59'; 'k2_60';
    'k2_61'; 'k2_62'; 'k2_63'; 'k2_64'; 'k2_65'; 'k2_66'; 'k2_67'; 'k2_68'; 'k2_69'; 'k2_70';
    'k2_71'; 'k2_72'; 'k2_73'; 'k2_74'; 'k2_75'; 'k2_76'; 'k2_77'; 'k2_78'; 'k2_79'; 'k2_80';
    'k2_81'; 'k2_82'; 'k2_83'; 'k2_84'; 'k2_85'; 'k2_86'; 'k2_87'; 'k2_88'; 'k2_89'; 'k2_90';
    'k2_91'; 'k2_92'; 'k2_93'; 'k2_94'; 'k2_95'
};
K2_embed  = [
    0.150093485658602; 0.1504463619162026; 0.02169774268001071; 0.2048383768502152; 0.150011; 0.2349353944040361; 0.1707304606636467; 0.002140445704905686;
    0.008199654110328762; 0.0004055386268301971; 0.03622632526810386; 0.1211748638684221; 0.01306669212373729; 0.04327803385672112; 0.2467022308351799; 1;
    0.3368357746868209; 0.8755568626258544; 0.1821042306144342; 0.02989477074027628; 0.6931781583531199; 0.006863605169082408; 0.0149879508192975; 0.798909459755251;
    0.06896641449962088; 0.7624455773415032; 0.7272058208617453; 0.07910687868935252; 0.1080860145032186; 0.1280485516852183; 7.683520188080098e-05; 0.003656690867310411;
    0.9572409046133951; 0.05107157583851141; 0.0396607827357164; 0.3194000867120191; 0.0006928133657737083; 0.04708075753328257; 0.1560915301643921; 0.1539366037221312;
    0.8366093252205256; 0.05525305712250173; 0.0002033196055277813; 0.02699199927291753; 0.1588136562440513; 0.4393916299231422; 0.2874762354681356; 0.005663999907883385;
    0.01706463051735514; 0.6287100703979052; 0.00283968566935654; 0.152308853969914; 0.1511630450379169; 0.2729542681792644; 0.03297192231375311; 0.9157635988495625;
    0.1424646262727635; 0.1760557918397883; 0.009676254197027992; 0.01129734016081167; 0.416778943783838; 0.001073127311636527; 0.3952320352563514; 0.4878722576337463;
    0.08448359478706213; 0.01930013010666833; 0.1351444702296403; 0.3029524674256414; 1.455754854773762e-05; 0.02426066388836855; 0.05962771885153327; 0.5407869677231554;
    0.3552758005033653; 0.6603503759575517; 0.1621391459644098; 0.5982446409348918; 0.1661011639373826; 0.5137684544611003; 0.2240492010090149; 0.09006765984826662;
    0.07393525133401875; 0.5689412807537532; 0.1889014073305503; 0.2140237381721884; 0.001553543946835048; 0.1145213724487552; 0; 0.2593689690105186;
    0.1018666974187799; 0.4630846464025846; 0.374736047208197; 0.1964716981993603; 0.09586129772468804; 0.06419803021117229; 0.004596536271267598
];
D3_vals = [
    0; 0.001046129348424437; 0.003642833974206006; 0.00755794356261701; 0.01268508467295719; 0.01895533193286076; 0.02631828810318622; 0.03473456450272572;
    0.04417203043000765; 0.05460367877235774; 0.06600629956646779; 0.07835960162032315; 0.09164560213287377; 0.1058481861603037; 0.1209527787747738; 0.136946094835214;
    0.1538159438911068; 0.1715510752883407; 0.1901410532532666; 0.2095761547687103; 0.229847285074725; 0.2509459070038156; 0.2728639813209289; 0.2955939159221644;
    0.319128522241543; 0.3434609775799478; 0.3685847923429015; 0.3944937813801878; 0.4211820387784432; 0.4486439155803562; 0.476874; 0.4780215934136143;
    0.4808701523706272; 0.4851649883619941; 0.4907894107890667; 0.4976678092089519; 0.5057448983552624; 0.5149774692393649; 0.525330274803676; 0.5367736885161876;
    0.5492822492797008; 0.5628336978598816; 0.5774083073041553; 0.592988399680618; 0.6095579864394627; 0.6271024939140447; 0.6456085493022876; 0.6650638107493563;
    0.6854568303161178; 0.7067769419501511; 0.7290141687909188; 0.7521591456512162; 0.7762030535707383; 0.8011375640875749; 0.826954791416872; 0.853647251126058;
    0.881207824195013; 0.9096297255759217; 0.9389064765409979; 0.9690318802406703; 1
];
D5_vals = [
    0; 0.0002630532072806889; 0.0009160044711002234; 0.001900473681946842; 0.003189712833192272; 0.004766390377555922; 0.006617833737393127; 0.008734138478861292;
    0.01110722521475363; 0.01373030290377201; 0.01659753531228213; 0.01970382014280326; 0.02304463555155073; 0.02661592937455236; 0.0304140366907162; 0.03443561690074359;
    0.03867760466944275; 0.04313717097700612; 0.04781169170842054; 0.05269872197400199; 0.0577959748617381; 0.06310130366836114; 0.06861268689761159; 0.07432821548606049;
    0.0802460818414255; 0.08636457037003963; 0.09268204923866565; 0.09919696316773478; 0.1059078270928479; 0.1128132205621835; 0.1199117827615675; 0.1272022080780122;
    0.1346832421277127; 0.1423536781866892; 0.1502123539721356; 0.1582581487305877; 0.1664899805956245; 0.1749068041832733; 0.1835076083978131; 0.1922914144244535;
    0.2012572738885389; 0.2104042671636006; 0.2197315018128463; 0.2292381111506074; 0.2389232529119054; 0.2487861080197191; 0.2588258794407426; 0.2690417911214812;
    0.2794330869974394; 0.2899990300689469; 0.300738901537863; 0.311652; 0.3122330074991505; 0.3136751856226589; 0.3158495898053622; 0.3186971415338333;
    0.3221795604957127; 0.3262688566781766; 0.3309431540874027; 0.3361846077231182; 0.3419782181638675; 0.3483110948787069; 0.3551719683867209; 0.3625508512592213;
    0.3704387934526792; 0.3788277002296828; 0.3877101931846837; 0.3970795018899336; 0.4069293778691624; 0.4172540252207843; 0.4280480438994786; 0.4393063827863376;
    0.4510243004425097; 0.4631973319747575; 0.47582126082104; 0.488892094539363; 0.5024060438857316; 0.516359504618411; 0.5307490415803008; 0.5455713746990479;
    0.5608233666125609; 0.5765020116808472; 0.5926044261871687; 0.6091278395650495; 0.6260695865146098; 0.6434270998935081; 0.6611979042855575; 0.6793796101646611;
    0.697969908583766; 0.7169665663285262; 0.736367421483718; 0.756170379367461; 0.7763734087942005; 0.7969745386324142; 0.817971854627271; 0.8393634964620933;
    0.861147655035609; 0.883322569934659; 0.9058865270843421; 0.9288378565596032; 0.9521749305440024; 0.9758961614229491; 1
];
K6_labels = {
    'k6_1'; 'k6_2'; 'k6_3'; 'k6_4'; 'k6_5'; 'k6_6'; 'k6_7'; 'k6_8'; 'k6_9'; 'k6_10';
    'k6_11'; 'k6_12'; 'k6_13'; 'k6_14'; 'k6_15'; 'k6_16'; 'k6_17'; 'k6_18'; 'k6_19'; 'k6_20';
    'k6_21'; 'k6_22'; 'k6_23'; 'k6_24'; 'k6_25'; 'k6_26'; 'k6_27'; 'k6_28'; 'k6_29'; 'k6_30';
    'k6_31'; 'k6_32'; 'k6_33'; 'k6_34'; 'k6_35'; 'k6_36'; 'k6_37'; 'k6_38'; 'k6_39'; 'k6_40';
    'k6_41'; 'k6_42'; 'k6_43'; 'k6_44'; 'k6_45'; 'k6_46'; 'k6_47'; 'k6_48'; 'k6_49'; 'k6_50';
    'k6_51'; 'k6_52'; 'k6_53'; 'k6_54'; 'k6_55'; 'k6_56'; 'k6_57'; 'k6_58'; 'k6_59'; 'k6_60';
    'k6_61'; 'k6_62'; 'k6_63'; 'k6_64'; 'k6_65'; 'k6_66'; 'k6_67'; 'k6_68'
};
