function PB = schwefel_k73_k63_k50_10D()
%SCHWEFEL_K73_K63_K50_10D  Self-contained mixed-variable adaptation of schwefel.
%
% Copyright (C) 2026 J. F. A. Madeira
%
% Auto-generated by generate_selfcontained_mixed_wrappers.m
% Source instance: p=46, n=10, strategy=baseline, kappa=1
% Fixed variable pattern: C,K,D,C,D,K,C,K,D,C
% |K|max=73, |K|min=50, nK=3
%
% Structure:
%   x1    C  continuous   [-500, 500]  (orig: [-500, 500])
%   x2    K  categorical  {k2_1,...,k2_63}  embedding: permuted [-500,500]  (63 levels)
%   x3    D  discrete     {-500,...,500}  (118 pts)
%   x4    C  continuous   [-500, 500]  (orig: [-500, 500])
%   x5    D  discrete     {-500,...,500}  (80 pts)
%   x6    K  categorical  {k6_1,...,k6_50}  embedding: permuted [-500,500]  (50 levels)
%   x7    C  continuous   [-500, 500]  (orig: [-500, 500])
%   x8    K  categorical  {k8_1,...,k8_73}  embedding: permuted [-500,500]  (73 levels)
%   x9    D  discrete     {-500,...,500}  (26 pts)
%   x10   C  continuous   [-500, 500]  (orig: [-500, 500])
%
% Evaluation in embedded numeric space xh in R^10:
%   f(xh) = schwefel_orig(xh)
%
% Known global optimum: f* = -4189.829
% Exactly reachable representative x*: {x1=420.9687, x2=k2_43, x3=420.9687, x4=420.9687, x5=420.9687, x6=k6_2, x7=420.9687, x8=k8_69, x9=420.9687, x10=420.9687}
%
lb_orig = [
    -500; -500; -500; -500; -500; -500; -500; -500;
    -500; -500
];
ub_orig = [
    500; 500; 500; 500; 500; 500; 500; 500;
    500; 500
];
lb_C_work = [
    -500; -500; -500; -500; -500; -500; -500; -500;
    -500; -500
];
ub_C_work = [
    500; 500; 500; 500; 500; 500; 500; 500;
    500; 500
];
K2_labels = {
    'k2_1'; 'k2_2'; 'k2_3'; 'k2_4'; 'k2_5'; 'k2_6'; 'k2_7'; 'k2_8'; 'k2_9'; 'k2_10';
    'k2_11'; 'k2_12'; 'k2_13'; 'k2_14'; 'k2_15'; 'k2_16'; 'k2_17'; 'k2_18'; 'k2_19'; 'k2_20';
    'k2_21'; 'k2_22'; 'k2_23'; 'k2_24'; 'k2_25'; 'k2_26'; 'k2_27'; 'k2_28'; 'k2_29'; 'k2_30';
    'k2_31'; 'k2_32'; 'k2_33'; 'k2_34'; 'k2_35'; 'k2_36'; 'k2_37'; 'k2_38'; 'k2_39'; 'k2_40';
    'k2_41'; 'k2_42'; 'k2_43'; 'k2_44'; 'k2_45'; 'k2_46'; 'k2_47'; 'k2_48'; 'k2_49'; 'k2_50';
    'k2_51'; 'k2_52'; 'k2_53'; 'k2_54'; 'k2_55'; 'k2_56'; 'k2_57'; 'k2_58'; 'k2_59'; 'k2_60';
    'k2_61'; 'k2_62'; 'k2_63'
};
K2_embed  = [
    -1.708148303384007; 477.6975650050953; 421.0786013558098; 423.1908141077007; -338.7143135094111; 421.2595185280088; 482.871506021348; -363.3265708774013;
    459.5767500017976; 221.3666836789096; -138.3378059128976; 488.3107380086951; 472.785083187875; 161.0736386244203; 430.7860688018142; -500;
    432.6970885750046; 437.1278688487323; 427.5433631215359; 445.377121977741; 494.0190114536696; -215.563420342427; 468.1301426361524; -496.611029279841;
    426.199053721441; 103.8274337286505; -250.1779213572071; -498.7192959145498; -385.5960944230031; -95.61853685543048; 425.0304490095263; -439.0495655850823;
    -405.5913481782871; -452.6675670901319; -488.4520521026629; 434.8091459073839; 424.0302899906328; -50.09210756130102; 452.0041014849322; 284.7512213543056;
    500; 351.2709568750756; 420.9687; 421.5487628335831; -499.7573519501107; -311.6937374470942; -464.322634783863; 455.669979998134;
    -178.3016784978867; -474.1052274096365; 49.58241247128444; 439.6586643027745; -493.2404033115574; -282.2018348809567; 420.9895224132104; -423.3840396402578;
    -482.1129053014897; 463.7287338849635; 442.4067397985753; 422.5036493932274; 421.9596667230372; 429.0702114679981; 448.5746724463274
];
D3_vals = [
    -500; -499.3832992421493; -497.8525232314719; -495.5445380345383; -492.52205155797; -488.8256958033807; -484.4851803048914; -479.5237249727247;
    -473.9602710859658; -467.8107395313376; -461.0888127487633; -453.8064525415438; -445.9742598999416; -437.6017346989758; -428.6974689631963; -419.2692943785973;
    -409.3243973032368; -398.8694100784471; -387.9104846676811; -376.4533528593347; -364.5033760796597; -352.0655870501568; -339.1447249575789; -325.7452654016557;
    -311.8714460936166; -297.5272890635501; -282.7166199739696; -267.4430850153118; -251.7101657658849; -235.5211923265606; -218.8793549839772; -201.7877146113604;
    -184.2492119804687; -166.266676129582; -147.8428319092911; -128.9803068089846; -109.681637151441; -89.94927373015184; -69.78558695338529; -49.19287155013961;
    -28.17335088569865; -6.729180928226469; 15.13754609746968; 37.42479833739958; 60.13060118933049; 83.25303441277208; 106.790229446421; 130.7403669139495;
    155.1016743011495; 179.8724237893038; 205.050930231279; 230.6355492582476; 256.6246755061865; 283.0167409524067; 309.8102133533168; 337.0035947754883;
    364.595420212841; 392.5842562834405; 420.9687; 421.0200175016357; 421.1473979198236; 421.3394522226779; 421.5909622990491; 421.8985470394073;
    422.2597342251824; 422.6725916586826; 423.1355431798204; 423.6472639643273; 424.206615455741; 424.8126022768827; 425.4643422878684; 426.1610449758832;
    426.9019953730467; 427.6865417815073; 428.514086203068; 429.3840767409086; 430.2960014718792; 431.2493834368443; 432.243776495602; 433.2787618604496;
    434.353945169582; 435.4689539950534; 436.6234357043266; 437.8170556123326; 439.0494953743318; 440.3204515799887; 441.6296345168323; 442.9767670772787;
    444.3615837881017; 445.7838299449497; 447.2432608374705; 448.7396410529868; 450.2727438485883; 451.8423505830793; 453.4482502015088; 455.0902387660715;
    456.7681190280555; 458.4817000362455; 460.2307967778129; 462.0152298482438; 463.8348251472981; 465.6894135983707; 467.5788308889453; 469.5029172301078;
    471.4615171333224; 473.4544792028817; 475.4816559426139; 477.542903575592; 479.6380818757184; 481.7670540101791; 483.9296863918659; 486.1258485409539;
    488.3554129549033; 490.6182549862244; 492.9142527274106; 495.2432869024938; 497.6052407647352; 500
];
D5_vals = [
    -500; -498.7401217518461; -495.6128491255402; -490.8977903070423; -484.7230533398956; -477.1716466757033; -468.3042648982251; -458.168344725255;
    -446.8025819184052; -434.2395017804546; -420.5070566176423; -405.6296835910962; -389.6290398122605; -372.5245328880576; -354.3337157478459; -335.0725880003574;
    -314.7558308926727; -293.396993852894; -271.008644929364; -247.6024937809909; -223.1894934416862; -197.7799254236206; -171.3834715671811; -144.009275222161;
    -115.6659937481174; -86.36184388251576; -56.10464119704807; -24.90183461400147; 7.239463235864264; 40.31244918002369; 74.31060567704321; 109.2276795684052;
    145.0576630548252; 181.7947766010155; 219.433453520143; 257.9683260277742; 297.3942125867397; 337.706106390463; 378.8991648539815; 420.9687;
    421.0719978164659; 421.3284038892465; 421.7149930546462; 422.2212616936135; 422.8404039169196; 423.567443356425; 424.3984906606184; 425.3303731517536;
    426.3604240699576; 427.4863515967916; 428.7061521216776; 430.0180499711912; 431.4204539094961; 432.9119247663565; 434.4911507287869; 436.1569280766907;
    437.9081458881678; 439.7437737049553; 441.6628514484119; 443.6644810758193; 445.7478196027392; 447.912073212013; 450.156492237496; 452.4803668595371;
    454.88302338523; 457.3638210133771; 459.9221490044816; 462.5574241916956; 465.2690887807497; 468.0566083963581; 470.9194703400741; 473.8571820305323;
    476.8692696018044; 479.9552766394747; 483.1147630371976; 486.3473039591004; 489.6524888955263; 493.0299208014012; 496.4792153079823; 500
];
K6_labels = {
    'k6_1'; 'k6_2'; 'k6_3'; 'k6_4'; 'k6_5'; 'k6_6'; 'k6_7'; 'k6_8'; 'k6_9'; 'k6_10';
    'k6_11'; 'k6_12'; 'k6_13'; 'k6_14'; 'k6_15'; 'k6_16'; 'k6_17'; 'k6_18'; 'k6_19'; 'k6_20';
    'k6_21'; 'k6_22'; 'k6_23'; 'k6_24'; 'k6_25'; 'k6_26'; 'k6_27'; 'k6_28'; 'k6_29'; 'k6_30';
    'k6_31'; 'k6_32'; 'k6_33'; 'k6_34'; 'k6_35'; 'k6_36'; 'k6_37'; 'k6_38'; 'k6_39'; 'k6_40';
    'k6_41'; 'k6_42'; 'k6_43'; 'k6_44'; 'k6_45'; 'k6_46'; 'k6_47'; 'k6_48'; 'k6_49'; 'k6_50'
};
