function PB = transistor_k89_k68_k49_9D()
%TRANSISTOR_K89_K68_K49_9D  Self-contained mixed-variable adaptation of transistor.
%
% Copyright (C) 2026 J. F. A. Madeira
%
% Auto-generated by generate_selfcontained_mixed_wrappers.m
% Source instance: p=62, n=9, strategy=baseline, kappa=1
% Fixed variable pattern: C,K,D,C,D,K,C,K,D
% |K|max=89, |K|min=49, nK=3
%
% Structure:
%   x1    C  continuous   [-10, 10]  (orig: [-10, 10])
%   x2    K  categorical  {k2_1,...,k2_68}  embedding: permuted [-10,10]  (68 levels)
%   x3    D  discrete     {-10,...,10}  (46 pts)
%   x4    C  continuous   [-10, 10]  (orig: [-10, 10])
%   x5    D  discrete     {-10,...,10}  (29 pts)
%   x6    K  categorical  {k6_1,...,k6_89}  embedding: permuted [-10,10]  (89 levels)
%   x7    C  continuous   [-10, 10]  (orig: [-10, 10])
%   x8    K  categorical  {k8_1,...,k8_49}  embedding: permuted [-10,10]  (49 levels)
%   x9    D  discrete     {-10,...,10}  (40 pts)
%
% Evaluation in embedded numeric space xh in R^9:
%   f(xh) = transistor_orig(xh)
%
% Known global optimum: f* = 0
% Exactly reachable representative x*: {x1=0.9, x2=k2_48, x3=1, x4=2, x5=8, x6=k6_30, x7=5, x8=k8_8, x9=2}
%
lb_orig = [
    -10; -10; -10; -10; -10; -10; -10; -10;
    -10
];
ub_orig = [
    10; 10; 10; 10; 10; 10; 10; 10;
    10
];
lb_C_work = [
    -10; -10; -10; -10; -10; -10; -10; -10;
    -10
];
ub_C_work = [
    10; 10; 10; 10; 10; 10; 10; 10;
    10
];
K2_labels = {
    'k2_1'; 'k2_2'; 'k2_3'; 'k2_4'; 'k2_5'; 'k2_6'; 'k2_7'; 'k2_8'; 'k2_9'; 'k2_10';
    'k2_11'; 'k2_12'; 'k2_13'; 'k2_14'; 'k2_15'; 'k2_16'; 'k2_17'; 'k2_18'; 'k2_19'; 'k2_20';
    'k2_21'; 'k2_22'; 'k2_23'; 'k2_24'; 'k2_25'; 'k2_26'; 'k2_27'; 'k2_28'; 'k2_29'; 'k2_30';
    'k2_31'; 'k2_32'; 'k2_33'; 'k2_34'; 'k2_35'; 'k2_36'; 'k2_37'; 'k2_38'; 'k2_39'; 'k2_40';
    'k2_41'; 'k2_42'; 'k2_43'; 'k2_44'; 'k2_45'; 'k2_46'; 'k2_47'; 'k2_48'; 'k2_49'; 'k2_50';
    'k2_51'; 'k2_52'; 'k2_53'; 'k2_54'; 'k2_55'; 'k2_56'; 'k2_57'; 'k2_58'; 'k2_59'; 'k2_60';
    'k2_61'; 'k2_62'; 'k2_63'; 'k2_64'; 'k2_65'; 'k2_66'; 'k2_67'; 'k2_68'
};
K2_embed  = [
    -9.537762838716949; 1.585432330675537; 0.8432203571711567; -5.133801563563852; 2.812993967761475; -2.336308223095886; 2.259386651271788; 0.4606396161564363;
    10; 2.014378825817377; -7.560297636135232; 0.545936082673622; -4.632910277070195; -9.887225516911961; -6.050907842506811; -8.665280146897347;
    1.086497079181155; -8.882758960345344; -9.747117875875247; -9.82531893315552; 0.5061562307440193; 3.454555827608546; 9.339706576235969; 0.7463943628236855;
    0.4520158303087028; -7.222260740403097; 6.969423080133016; -1.006041072742134; 6.442847769894704; 0.4781543160809235; -4.103166439742195; 5.01572754116532;
    8.10106754277899; 0.665124199219553; -1.686692477060371; 1.789901867482546; 3.122550745982247; -0.2939442230723781; 3.809451724653503; 1.234312183150883;
    5.466375127233759; -10; -9.933987403718843; 2.525429487857136; -5.606307678379506; -6.858371527112916; -9.966904126641014; 0.45;
    -8.161046307929606; -2.955306380661654; 1.400425360522364; -9.251786949276411; -8.42492275812311; -9.987492951777286; 4.589624520732596; -9.997630357476336;
    -6.4680939545922; 5.941955437645285; -9.651583427985431; 7.522044455210373; 0.5985993711647164; -3.544113764473272; 8.706840944446563; 4.187668471336574;
    -9.404772709728036; -9.078027801745842; 0.9563536800656269; -7.873035477196128
];
D3_vals = [
    -10; -9.957827255994134; -9.853145975799801; -9.695315670517154; -9.48862458604086; -9.235851319576581; -8.939027541364826; -8.599741132265459;
    -8.219287381288328; -7.798755029563641; -7.339079743261609; -6.841079523758154; -6.305479313973899; -5.732928757665842; -5.124015415733208; -4.479274853738962;
    -3.79919850684815; -3.084239924095071; -2.334819804135472; -1.551330112183656; -0.7341374864413037; 0.1164139131845445; 1; 1.031851684451784;
    1.110914007365724; 1.230118038293672; 1.386225006358645; 1.577136328613302; 1.801317551444621; 2.057569400741144; 2.34491358737827; 2.662527821041566;
    3.009705423891867; 3.385828586433461; 3.790349783156743; 4.222778359530173; 4.682670550159791; 5.169621860016467; 5.683261124307056; 6.223245792385056;
    6.789258124412853; 7.381002081974725; 7.998200755313362; 8.640594211786995; 9.307937679390578; 10
];
D5_vals = [
    -10; -9.844316695636206; -9.457879246761186; -8.875238870035124; -8.112225891573722; -7.179097675574407; -6.083354258941969; -4.830857402513344;
    -3.426388746134661; -1.873967445323142; -0.1770475698718155; 1.661351177323999; 3.638552624437738; 5.752158571183102; 8; 8.01729814492931;
    8.060235639248758; 8.124973458884986; 8.209752678714031; 8.313433591602843; 8.435182860117559; 8.574349177498517; 8.730401250429482; 8.902892506075206;
    9.091439158903132; 9.295705686369333; 9.515394736048638; 9.750239841242568; 10
];
K6_labels = {
    'k6_1'; 'k6_2'; 'k6_3'; 'k6_4'; 'k6_5'; 'k6_6'; 'k6_7'; 'k6_8'; 'k6_9'; 'k6_10';
    'k6_11'; 'k6_12'; 'k6_13'; 'k6_14'; 'k6_15'; 'k6_16'; 'k6_17'; 'k6_18'; 'k6_19'; 'k6_20';
    'k6_21'; 'k6_22'; 'k6_23'; 'k6_24'; 'k6_25'; 'k6_26'; 'k6_27'; 'k6_28'; 'k6_29'; 'k6_30';
    'k6_31'; 'k6_32'; 'k6_33'; 'k6_34'; 'k6_35'; 'k6_36'; 'k6_37'; 'k6_38'; 'k6_39'; 'k6_40';
    'k6_41'; 'k6_42'; 'k6_43'; 'k6_44'; 'k6_45'; 'k6_46'; 'k6_47'; 'k6_48'; 'k6_49'; 'k6_50';
    'k6_51'; 'k6_52'; 'k6_53'; 'k6_54'; 'k6_55'; 'k6_56'; 'k6_57'; 'k6_58'; 'k6_59'; 'k6_60';
    'k6_61'; 'k6_62'; 'k6_63'; 'k6_64'; 'k6_65'; 'k6_66'; 'k6_67'; 'k6_68'; 'k6_69'; 'k6_70';
    'k6_71'; 'k6_72'; 'k6_73'; 'k6_74'; 'k6_75'; 'k6_76'; 'k6_77'; 'k6_78'; 'k6_79'; 'k6_80';
    'k6_81'; 'k6_82'; 'k6_83'; 'k6_84'; 'k6_85'; 'k6_86'; 'k6_87'; 'k6_88'; 'k6_89'
};
K6_embed  = [
    8.001200094821371; -9.485972822454144; 9.002713882605876; -5.36508149575527; 8.107203167529066; 8.619464761041803; 8.204089651179485; -2.820782796879333;
    -9.902610061419646; 9.406773581784508; 8.466928682079381; 8.010821104286705; 8.003175664275027; -8.639792693831694; 9.591063640753996; -6.589637725351604;
    -0.9755750565471075; 8.044353264944961; -9.971419021524767; 8.000227375450267; -9.997953620947596; -4.907604605877447; -7.286948291503921; 8.421590075290691;
    -0.3052752674243653; 2.660962236060572; 8.301450189832897; -9.849148691217199; 8.266533752904994; 8; 8.088466442350823; 8.675962879503885;
    8.151134145129811; 0.393202472792721; 8.128071016851264; -6.949911864678448; 1.876000830571403; 8.931329844294; 8.565821710458062; 8.057114130838428;
    8.234097935853931; -4.424817150623769; 9.154800274754747; -9.353857175314168; -3.381778829624086; -9.600820615495348; -9.9429927540228; -3.916334084465034;
    -9.989199146607653; 8.024264920241412; -8.847360848338626; 8.514990944916081; 8.863001672339571; -9.781615717827295; -6.205689322383787; 8.016761256531423;
    8.338898681702394; -9.203802018842591; -10; -8.163193139384628; -9.699113951846829; 9.23557631301947; 5.193832616246013; -2.232984948943855;
    8.3789291416276; 7.033754157512941; 10; -1.618031401354003; -8.411913916882789; 4.319572766785965; 1.120186817175227; 9.78871796582726;
    8.03343178312813; 8.797690800346741; 3.475383644214801; 8.071793647187315; 8.735357907819546; 9.497264849357201; 9.892639350834772; 9.077191636952849;
    9.319555647841266; -7.893118577314621; 6.098461692445333; 8.176454009235245; -5.797641861285567; -7.601196223855058; 8.006334138441911; -9.035171492238399;
    9.688203624027334
];
K8_labels = {
    'k8_1'; 'k8_2'; 'k8_3'; 'k8_4'; 'k8_5'; 'k8_6'; 'k8_7'; 'k8_8'; 'k8_9'; 'k8_10';
    'k8_11'; 'k8_12'; 'k8_13'; 'k8_14'; 'k8_15'; 'k8_16'; 'k8_17'; 'k8_18'; 'k8_19'; 'k8_20';
    'k8_21'; 'k8_22'; 'k8_23'; 'k8_24'; 'k8_25'; 'k8_26'; 'k8_27'; 'k8_28'; 'k8_29'; 'k8_30';
    'k8_31'; 'k8_32'; 'k8_33'; 'k8_34'; 'k8_35'; 'k8_36'; 'k8_37'; 'k8_38'; 'k8_39'; 'k8_40';
    'k8_41'; 'k8_42'; 'k8_43'; 'k8_44'; 'k8_45'; 'k8_46'; 'k8_47'; 'k8_48'; 'k8_49'
};
