function PB = fifteenn_local_minima_k59_k28_6D()
%FIFTEENN_LOCAL_MINIMA_K59_K28_6D  Self-contained mixed-variable adaptation of fifteenn_local_minima.
%
% Copyright (C) 2026 J. F. A. Madeira
%
% Auto-generated by generate_selfcontained_mixed_wrappers.m
% Source instance: p=17, n=6, strategy=halton_oscillatory, kappa=1000000
% Fixed variable pattern: C,K,D,C,D,K
% |K|max=59, |K|min=28
%
% Structure:
%   x1    C  continuous   [-5005000, 5005000]  (orig: [-10, 10])
%   x2    K  categorical  {k2_1,...,k2_28}  embedding: permuted [-10,10]  (28 levels)
%   x3    D  discrete     {-10,...,10}  (110 pts)
%   x4    C  continuous   [-2507.5, 2507.5]  (orig: [-10, 10])
%   x5    D  discrete     {-10,...,10}  (114 pts)
%   x6    K  categorical  {k6_1,...,k6_59}  embedding: permuted [-10,10]  (59 levels)
%
% Evaluation in embedded numeric space xh in R^6:
%   f(xh) = fifteenn_local_minima_orig(xh)
%
% Known global optimum: f* = 0
% Exactly reachable representative x*: {x1=500500, x2=k2_6, x3=1, x4=250.75, x5=1, x6=k6_59}
%
lb_orig = [-10; -10; -10; -10; -10; -10];
ub_orig = [10; 10; 10; 10; 10; 10];
lb_C_work = [-5005000; -10; -10; -2507.5; -10; -10];
ub_C_work = [5005000; 10; 10; 2507.5; 10; 10];
K2_labels = {
    'k2_1'; 'k2_2'; 'k2_3'; 'k2_4'; 'k2_5'; 'k2_6'; 'k2_7'; 'k2_8'; 'k2_9'; 'k2_10';
    'k2_11'; 'k2_12'; 'k2_13'; 'k2_14'; 'k2_15'; 'k2_16'; 'k2_17'; 'k2_18'; 'k2_19'; 'k2_20';
    'k2_21'; 'k2_22'; 'k2_23'; 'k2_24'; 'k2_25'; 'k2_26'; 'k2_27'; 'k2_28'
};
K2_embed  = [
    1.445122146905467; -0.9225549180232555; 2.177872343732497; -8.280145763457439; 4.116859648020464; 1; -7.510203020977364; 1.015978471185096;
    8.533542962980533; 1.084334876523161; 7.216847501742557; 6.045191648913311; -9.876859580370967; 3.349368776407911; 1.223165078078722; 2.705181137324198;
    -6.569601226477562; -9.674148555211168; -9.976669253245154; -9.350060968654386; -4.139581378951608; 5.013610496610836; -2.633332230166268; 10;
    1.760436990154134; -10; -5.448959898854739; -8.889658301173867
];
D3_vals = [
    -10; -9.991623088688563; -9.970829900556586; -9.939479546180166; -9.898423813992526; -9.848214625925959; -9.789255539344827; -9.721861960264315;
    -9.646291176214884; -9.562759447440062; -9.471452628398922; -9.372533201404163; -9.266145164260408; -9.152417557850928; -9.031467091336078; -8.903400145870989;
    -8.768314336844229; -8.626299754197184; -8.477439962692145; -8.321812819673111; -8.159491151695983; -7.990543320378821; -7.815033700131112; -7.633023084946578;
    -7.444569037477253; -7.249726190685581; -7.04854651018888; -6.841079523758154; -6.627372523167153; -6.407470742606534; -6.181417517110171; -5.949254423833946;
    -5.711021408543935; -5.466756899282366; -5.216497908865337; -4.960280127609909; -4.698138007477918; -4.430104838650149; -4.156212819400372; -3.876493120018324;
    -3.590975941429751; -3.299690569076365; -3.002665422546491; -2.699928101385705; -2.391505427464366; -2.077423484233937; -1.757707653165287; -1.432382647628621;
    -1.101472544445862; -0.7650008133208619; -0.422990344331021; -0.075463473644513; 0.2775579923895286; 0.6360527546453376; 1; 1.006631162464893;
    1.023091048876483; 1.047907987420187; 1.080407702426083; 1.120153292527435; 1.16682530174011; 1.220174054682417; 1.279995882561496; 1.346119593782234;
    1.418398065966569; 1.496702678126037; 1.580919441607594; 1.670946207656197; 1.766690589307879; 1.868068375246961; 1.975002293138023; 2.087421027789152;
    2.205258429339798; 2.328452865921371; 2.456946688036822; 2.590685780633613; 2.729619184933261; 2.873698776414175; 3.022878988484644; 3.177116573695047;
    3.336370396066; 3.500601249417105; 3.669771697583247; 3.843845933181961; 4.022789652203174; 4.206569942172912; 4.395155182025274; 4.588514952124459;
    4.786619953127586; 4.989441932581921; 5.196953618316653; 5.409128657826773; 5.625941562960803; 5.847367659319353; 6.073383039851514; 6.303964522203473;
    6.53908960943091; 6.778736453735291; 7.022883822925735; 7.271511069343705; 7.524598101018475; 7.782125354847744; 8.044073771620804; 8.310424772721564;
    8.581160238366206; 8.856262487245411; 9.135714257454582; 9.419498688607108; 9.70759930503621; 10
];
D5_vals = [
    -10; -9.992153892817653; -9.972678267890901; -9.943314433000335; -9.904860202888791; -9.857832526879967; -9.802609390870725; -9.739486215131025;
    -9.668703984131835; -9.59046525475682; -9.504944104771877; -9.412292720775771; -9.312645976132575; -9.206124735032372; -9.092838311343636; -8.972886345365076;
    -8.84636026707283; -8.713344457846851; -8.573917187356857; -8.428151379505614; -8.276115246184361; -8.117872817267894; -7.953484388072459; -7.78300690037206;
    -7.606494269353426; -7.423997666153875; -7.235565763582288; -7.041244951075699; -6.841079523758154; -6.635111849549644; -6.423382517553703; -6.205930470384052;
    -5.982793122637848; -5.754006467359176; -5.519605172041986; -5.279622665481526; -5.034091216586365; -4.78304200610044; -4.526505192049503; -4.26450996961363;
    -3.997084626032776; -3.72425659107265; -3.446052483510474; -3.162498154042853; -2.873618724968667; -2.579438626957921; -2.279981633181108; -1.975270891042362;
    -1.665328951732494; -1.350177797794366; -1.029838868872501; -0.7043330858007248; -0.3736808731658829; -0.037902180471729; 0.302983497985208; 0.6489571044267581;
    1; 1.006218244139513; 1.021653183753462; 1.044924787107629; 1.075400765254925; 1.112671422402546; 1.156437194890022; 1.206463954464998;
    1.262560714662535; 1.32456694388072; 1.392344680959647; 1.465773314059089; 1.544745952527895; 1.629166808349896; 1.718949247439396; 1.814014302266496;
    1.914289512195611; 2.019708002787078; 2.130207743290649; 2.245730939615517; 2.366223532062635; 2.491634775289828; 2.621916883689771; 2.757024729424632;
    2.896915583305772; 3.041548890875117; 3.190886077664906; 3.344890378838989; 3.503526689358764; 3.666761431544998; 3.834562437476798; 4.006898844119295;
    4.183740999430512; 4.365060377986286; 4.550829504895425; 4.741021886967703; 4.935611950253264; 5.134574983201056; 5.337887084790794; 5.545525117082457;
    5.75746666170219; 5.973689979846807; 6.194173975442592; 6.418898161139715; 6.647842626862497; 6.880988010669144; 7.118315471703334; 7.359806665044873;
    7.605443718288141; 7.855209209695817; 8.109086147791642; 8.367057952270342; 8.629108436115278; 8.895221788825541; 9.165382560663774; 9.43957564784481;
    9.717786278592611; 10
];
K6_labels = {
    'k6_1'; 'k6_2'; 'k6_3'; 'k6_4'; 'k6_5'; 'k6_6'; 'k6_7'; 'k6_8'; 'k6_9'; 'k6_10';
    'k6_11'; 'k6_12'; 'k6_13'; 'k6_14'; 'k6_15'; 'k6_16'; 'k6_17'; 'k6_18'; 'k6_19'; 'k6_20';
    'k6_21'; 'k6_22'; 'k6_23'; 'k6_24'; 'k6_25'; 'k6_26'; 'k6_27'; 'k6_28'; 'k6_29'; 'k6_30';
    'k6_31'; 'k6_32'; 'k6_33'; 'k6_34'; 'k6_35'; 'k6_36'; 'k6_37'; 'k6_38'; 'k6_39'; 'k6_40';
    'k6_41'; 'k6_42'; 'k6_43'; 'k6_44'; 'k6_45'; 'k6_46'; 'k6_47'; 'k6_48'; 'k6_49'; 'k6_50';
    'k6_51'; 'k6_52'; 'k6_53'; 'k6_54'; 'k6_55'; 'k6_56'; 'k6_57'; 'k6_58'; 'k6_59'
};
