function PB = ackley_k108_k34_k21_10D()
%ACKLEY_K108_K34_K21_10D  Self-contained mixed-variable adaptation of ackley.
%
% Copyright (C) 2026 J. F. A. Madeira
%
% Auto-generated by generate_selfcontained_mixed_wrappers.m
% Source instance: p=1, n=10, strategy=moderate, kappa=10000
% Fixed variable pattern: C,K,D,C,D,K,C,K,D,C
% |K|max=108, |K|min=21, nK=3
%
% Structure:
%   x1    C  continuous   [-30, 30]  (orig: [-30, 30])
%   x2    K  categorical  {k2_1,...,k2_21}  embedding: permuted [-30,30]  (21 levels)
%   x3    D  discrete     {-30,...,30}  (84 pts)
%   x4    C  continuous   [-139.247665008, 139.247665008]  (orig: [-30, 30])
%   x5    D  discrete     {-30,...,30}  (27 pts)
%   x6    K  categorical  {k6_1,...,k6_34}  embedding: permuted [-30,30]  (34 levels)
%   x7    C  continuous   [-646.33040701, 646.33040701]  (orig: [-30, 30])
%   x8    K  categorical  {k8_1,...,k8_108}  embedding: permuted [-30,30]  (108 levels)
%   x9    D  discrete     {-30,...,30}  (41 pts)
%   x10   C  continuous   [-3000, 3000]  (orig: [-30, 30])
%
% Evaluation in embedded numeric space xh in R^10:
%   f(xh) = ackley_orig(xh)
%
% Known global optimum: f* = 0
% Exactly reachable representative x*: {x1=0, x2=k2_19, x3=0, x4=0, x5=0, x6=k6_34, x7=0, x8=k8_22, x9=0, x10=0}
%
lb_orig = [
    -30; -30; -30; -30; -30; -30; -30; -30;
    -30; -30
];
ub_orig = [
    30; 30; 30; 30; 30; 30; 30; 30;
    30; 30
];
lb_C_work = [
    -30; -30; -30; -139.2476650083834; -30; -30; -646.3304070095651; -30;
    -30; -3000
];
ub_C_work = [
    30; 30; 30; 139.2476650083834; 30; 30; 646.3304070095651; 30;
    30; 3000
];
K2_labels = {
    'k2_1'; 'k2_2'; 'k2_3'; 'k2_4'; 'k2_5'; 'k2_6'; 'k2_7'; 'k2_8'; 'k2_9'; 'k2_10';
    'k2_11'; 'k2_12'; 'k2_13'; 'k2_14'; 'k2_15'; 'k2_16'; 'k2_17'; 'k2_18'; 'k2_19'; 'k2_20';
    'k2_21'
};
K2_embed  = [
    12.74549041640251; 23.29717582699464; 17.56051399400934; -29.88056784883395; 0.6303666730569043; -21.19591441625604; -30; 3.327095247144703;
    -28.33193770346799; -12.43948600599066; -17.25450958359749; 8.804085583743964; 0.1194321511660492; 1.668062296532012; 30; -29.3696333269431;
    5.683937124413993; -6.702824173005357; 0; -26.6729047528553; -24.31606287558601
];
D3_vals = [
    -30; -29.96249317409383; -29.86939364631973; -29.7290254079587; -29.54520226093436; -29.32039538335269; -29.05641166503804; -28.75466330650936;
    -28.41630228828242; -28.04229689508683; -27.63347927263614; -27.19057692007513; -26.71423457391685; -26.20503000247751; -25.66348575995358; -25.09007815787766;
    -24.4852442598939; -23.84938743517051; -23.18288183700508; -22.48607606427118; -21.75929619096575; -21.00284829975005; -20.21702062093709; -19.4020853538679;
    -18.55830022985752; -17.68590986281378; -16.78514692385962; -15.85623316889236; -14.89938034234369; -13.91479097601212; -12.9026590984018; -11.86317086728489;
    -10.79650513604042; -9.702833962582854; -8.582323068285856; -7.435132253159086; -6.261415772594148; -5.061322680218176; -3.834997140748179; -2.582578716200189;
    -1.304202628354876; 0; 0.0359147238939924; 0.1250623324661594; 0.2594721739396584; 0.435492335902169; 0.6507565376241278; 0.9035345887313583;
    1.192474234254379; 1.516472393323113; 1.874601883274793; 2.26606588158928; 2.690167770243397; 3.146290180710464; 3.633879869972694; 4.152436465385057;
    4.701503874042655; 5.280663584921829; 5.889529351200771; 6.527742901763385; 7.19497043517513; 7.890899718734702; 8.615237662477762; 9.367708270985872;
    10.14805089932467; 10.95601875644223; 11.79137761188193; 12.6539046710207; 13.5433875911281; 14.45962361596931; 15.40241881088185; 16.37158738354697;
    17.3669510782785; 18.38833863372411; 19.43558529554; 20.50853237694755; 21.60702686118017; 22.73092104072956; 23.88007218904572; 25.05434226096268;
    26.2535976186385; 27.47770878023089; 28.72655018889506; 30
];
D5_vals = [
    -30; -29.70350100846128; -28.96753054359693; -27.85789142824684; -26.40473253256904; -24.6275890157947; -22.54074470487533; -20.15536332853507;
    -17.48055152411099; -14.52396377685805; -11.29217836576716; -7.790946317686512; -4.025364404238502; 0; 0.2964989915387237; 1.032469456403075;
    2.142108571753157; 3.595267467430959; 5.372410984205302; 7.459255295124667; 9.844636671464928; 12.51944847588901; 15.47603622314195; 18.70782163423284;
    22.20905368231349; 25.9746355957615; 30
];
K6_labels = {
    'k6_1'; 'k6_2'; 'k6_3'; 'k6_4'; 'k6_5'; 'k6_6'; 'k6_7'; 'k6_8'; 'k6_9'; 'k6_10';
    'k6_11'; 'k6_12'; 'k6_13'; 'k6_14'; 'k6_15'; 'k6_16'; 'k6_17'; 'k6_18'; 'k6_19'; 'k6_20';
    'k6_21'; 'k6_22'; 'k6_23'; 'k6_24'; 'k6_25'; 'k6_26'; 'k6_27'; 'k6_28'; 'k6_29'; 'k6_30';
    'k6_31'; 'k6_32'; 'k6_33'; 'k6_34'
};
K6_embed  = [
    18.82569980071635; 8.39544736957774; -22.45923652222086; -17.79393324666249; -28.92309529219028; -28.16023943004669; -24.31606287558601; -4.30478132208567;
    4.91427903398129; -25.87457598499867; 0.4668043073237162; -8.225881507653078; 6.519673783844407; 1.59063983266689; 25.93772024433476; 10.55325149105812;
    3.566803133012159; 30; 22.21584645615824; 0.9310817680325197; -11.77374920631951; -29.96134254167658; -27.15031866874558; -30;
    -20.28968549607426; -14.95929176091184; 2.463807905186019; 13.00405608607098; 15.75824647298563; 0.1764070075728352; -29.46008634961778; 0.03342287797833395;
    -29.79596471172747; 0
];
K8_labels = {
    'k8_1'; 'k8_2'; 'k8_3'; 'k8_4'; 'k8_5'; 'k8_6'; 'k8_7'; 'k8_8'; 'k8_9'; 'k8_10';
    'k8_11'; 'k8_12'; 'k8_13'; 'k8_14'; 'k8_15'; 'k8_16'; 'k8_17'; 'k8_18'; 'k8_19'; 'k8_20';
    'k8_21'; 'k8_22'; 'k8_23'; 'k8_24'; 'k8_25'; 'k8_26'; 'k8_27'; 'k8_28'; 'k8_29'; 'k8_30';
    'k8_31'; 'k8_32'; 'k8_33'; 'k8_34'; 'k8_35'; 'k8_36'; 'k8_37'; 'k8_38'; 'k8_39'; 'k8_40';
    'k8_41'; 'k8_42'; 'k8_43'; 'k8_44'; 'k8_45'; 'k8_46'; 'k8_47'; 'k8_48'; 'k8_49'; 'k8_50';
    'k8_51'; 'k8_52'; 'k8_53'; 'k8_54'; 'k8_55'; 'k8_56'; 'k8_57'; 'k8_58'; 'k8_59'; 'k8_60';
    'k8_61'; 'k8_62'; 'k8_63'; 'k8_64'; 'k8_65'; 'k8_66'; 'k8_67'; 'k8_68'; 'k8_69'; 'k8_70';
    'k8_71'; 'k8_72'; 'k8_73'; 'k8_74'; 'k8_75'; 'k8_76'; 'k8_77'; 'k8_78'; 'k8_79'; 'k8_80';
    'k8_81'; 'k8_82'; 'k8_83'; 'k8_84'; 'k8_85'; 'k8_86'; 'k8_87'; 'k8_88'; 'k8_89'; 'k8_90';
    'k8_91'; 'k8_92'; 'k8_93'; 'k8_94'; 'k8_95'; 'k8_96'; 'k8_97'; 'k8_98'; 'k8_99'; 'k8_100';
    'k8_101'; 'k8_102'; 'k8_103'; 'k8_104'; 'k8_105'; 'k8_106'; 'k8_107'; 'k8_108'
};
