function PB = sinusoidal_k108_k86_k77_10D()
%SINUSOIDAL_K108_K86_K77_10D  Self-contained mixed-variable adaptation of sinusoidal.
%
% Copyright (C) 2026 J. F. A. Madeira
%
% Auto-generated by generate_selfcontained_mixed_wrappers.m
% Source instance: p=53, n=10, strategy=moderate, kappa=10000
% Fixed variable pattern: C,K,D,C,D,K,C,K,D,C
% |K|max=108, |K|min=77, nK=3
%
% Structure:
%   x1    C  continuous   [0, 180]  (orig: [0, 180])
%   x2    K  categorical  {k2_1,...,k2_86}  embedding: permuted [0,180]  (86 levels)
%   x3    D  discrete     {0,...,180}  (61 pts)
%   x4    C  continuous   [0, 835.48599005]  (orig: [0, 180])
%   x5    D  discrete     {0,...,180}  (110 pts)
%   x6    K  categorical  {k6_1,...,k6_108}  embedding: permuted [0,180]  (108 levels)
%   x7    C  continuous   [0, 3877.98244206]  (orig: [0, 180])
%   x8    K  categorical  {k8_1,...,k8_77}  embedding: permuted [0,180]  (77 levels)
%   x9    D  discrete     {0,...,180}  (88 pts)
%   x10   C  continuous   [0, 18000]  (orig: [0, 180])
%
% Evaluation in embedded numeric space xh in R^10:
%   f(xh) = sinusoidal_orig(xh)
%
% Global optimum value inherited from the original problem when documented.
% Exactly reachable representative x*: {x1=90, x2=k2_48, x3=90, x4=417.742995025, x5=90, x6=k6_99, x7=1938.99122103, x8=k8_60, x9=90, x10=9000}
%
lb_orig = [
    0; 0; 0; 0; 0; 0; 0; 0;
    0; 0
];
ub_orig = [
    180; 180; 180; 180; 180; 180; 180; 180;
    180; 180
];
lb_C_work = [
    0; 0; 0; 0; 0; 0; 0; 0;
    0; 0
];
ub_C_work = [
    180; 180; 180; 835.4859900503001; 180; 180; 3877.98244205739; 180;
    180; 18000
];
K2_labels = {
    'k2_1'; 'k2_2'; 'k2_3'; 'k2_4'; 'k2_5'; 'k2_6'; 'k2_7'; 'k2_8'; 'k2_9'; 'k2_10';
    'k2_11'; 'k2_12'; 'k2_13'; 'k2_14'; 'k2_15'; 'k2_16'; 'k2_17'; 'k2_18'; 'k2_19'; 'k2_20';
    'k2_21'; 'k2_22'; 'k2_23'; 'k2_24'; 'k2_25'; 'k2_26'; 'k2_27'; 'k2_28'; 'k2_29'; 'k2_30';
    'k2_31'; 'k2_32'; 'k2_33'; 'k2_34'; 'k2_35'; 'k2_36'; 'k2_37'; 'k2_38'; 'k2_39'; 'k2_40';
    'k2_41'; 'k2_42'; 'k2_43'; 'k2_44'; 'k2_45'; 'k2_46'; 'k2_47'; 'k2_48'; 'k2_49'; 'k2_50';
    'k2_51'; 'k2_52'; 'k2_53'; 'k2_54'; 'k2_55'; 'k2_56'; 'k2_57'; 'k2_58'; 'k2_59'; 'k2_60';
    'k2_61'; 'k2_62'; 'k2_63'; 'k2_64'; 'k2_65'; 'k2_66'; 'k2_67'; 'k2_68'; 'k2_69'; 'k2_70';
    'k2_71'; 'k2_72'; 'k2_73'; 'k2_74'; 'k2_75'; 'k2_76'; 'k2_77'; 'k2_78'; 'k2_79'; 'k2_80';
    'k2_81'; 'k2_82'; 'k2_83'; 'k2_84'; 'k2_85'; 'k2_86'
};
K2_embed  = [
    92.71592777207732; 95.09779376264184; 90.0570676784649; 0.06038321076152327; 116.9063167891785; 7.604369901541338; 34.01132001668775; 10.26884559615788;
    180; 3.612323669969959; 144.9138031406178; 156.8957994056094; 90.79704201815453; 19.06595863519014; 134.2871939387133; 15.16757678028535;
    11.77872343732497; 91.58976958827608; 75.33542962980535; 36.99980263414569; 96.09011511439297; 23.49368776407911; 94.20681299269317; 84.94258405471464;
    101.131975152879; 114.4891796326672; 141.2233074320243; 0.01144047911129122; 137.6816935010496; 90.15101122389021; 90.30120501273556; 50.4519164891331;
    2.873718424962119; 102.6743839236298; 8.878348143513731; 122.1438202838364; 0.5444678280251566; 93.41397754622847; 13.41074345969085; 1.682132420546325;
    98.39085419214584; 54.19929199454287; 6.443940149772542; 90.0108123032077; 1.220898354826467; 131.0380088928744; 4.451221469054667; 90;
    21.21245914730551; 161.1988981856016; 99.70500195827179; 70.78232833763168; 165.6592784593121; 0.8433487652316137; 108.019081517798; 104.3347527213753;
    106.1155274192956; 148.7549171070048; 112.2036920920033; 170.278541231559; 43.42224542628776; 28.46952673037745; 0; 91.1538610463551;
    58.10419904842853; 46.86020243984883; 62.16847501742558; 0.1597847118509557; 127.932304429548; 40.13610496610836; 2.23165078078722; 97.18682777872272;
    90.51457208969791; 31.16859648020464; 175.0582636641519; 66.39392602667189; 5.393966663242963; 152.7483562852762; 119.4571855272756; 80.05495019536714;
    17.05181137324198; 110.047721590184; 0.3187044971107876; 92.10911489465011; 124.9682107552972; 25.91195813310422
];
D3_vals = [
    0; 0.1974350485834819; 0.6875087710349914; 1.426403873215002; 2.394044591582151; 3.577422702763138; 4.967026781260373; 6.555423036788156;
    8.336547471031526; 10.30530305596908; 12.45730939615517; 14.78873695321843; 17.29619184933261; 19.97663272568295; 22.82730886928127; 25.84571298743328;
    29.0295443874055; 32.37667974339274; 35.88514952124459; 39.55311870469752; 43.37887084790794; 47.36079473895286; 51.49737314025003; 55.78717320087654;
    60.22883822925735; 64.82108058354052; 69.56267548841231; 74.45245562604985; 79.48930637874969; 84.67216162389238; 90; 90.19743504858349;
    90.68750877103498; 91.42640387321501; 92.39404459158214; 93.57742270276314; 94.96702678126037; 96.55542303678816; 98.33654747103152; 100.3053030559691;
    102.4573093961552; 104.7887369532184; 107.2961918493326; 109.9766327256829; 112.8273088692813; 115.8457129874333; 119.0295443874055; 122.3766797433927;
    125.8851495212446; 129.5531187046975; 133.3788708479079; 137.3607947389528; 141.49737314025; 145.7871732008765; 150.2288382292573; 154.8210805835405;
    159.5626754884123; 164.4524556260499; 169.4893063787497; 174.6721616238924; 180
];
D5_vals = [
    0; 0.06853836527539875; 0.2386644499915756; 0.4951673494350008; 0.8310778855157031; 1.241880333333064; 1.724272859905955; 2.275674870564699;
    2.893981285514589; 3.577422702763138; 4.324478494917908; 5.133819261238671; 6.004266837869392; 6.934765435765142; 7.924360161795733; 8.972180624691898;
    10.07742815309267; 11.23936564747759; 12.45730939615517; 13.73062238449272; 15.05870875885104; 16.44100919690056; 17.87699699892727; 19.366174759528;
    20.90807151154975; 22.50224025802707; 24.14825582572735; 25.84571298743328; 27.59422481045056; 29.39342119685562; 31.24294758728041; 33.14246380499498;
    35.09164302100417; 37.09017082405337; 39.13774438201088; 41.23407168319165; 43.37887084790794; 45.57186950195332; 47.81280420490604; 50.1014199271228;
    52.43746957012021; 54.82071352573884; 57.25091927007416; 59.72786098866241; 62.25131922983701; 64.82108058354052; 67.43693738319311; 70.09868742849309;
    72.80613372726113; 75.5590842546475; 78.35735172820074; 81.20075339745398; 84.08911084682342; 87.02224981073458; 90; 90.06631162464893;
    90.23091048876483; 90.47907987420187; 90.80407702426083; 91.20153292527435; 91.6682530174011; 92.20174054682417; 92.79995882561497; 93.46119593782234;
    94.18398065966569; 94.96702678126037; 95.80919441607594; 96.70946207656196; 97.66690589307879; 98.6806837524696; 99.75002293138023; 100.8742102778915;
    102.052584293398; 103.2845286592137; 104.5694668803682; 105.9068578063361; 107.2961918493326; 108.7369877641417; 110.2287898848464; 111.7711657369505;
    113.36370396066; 115.006012494171; 116.6977169758325; 118.4384593318196; 120.2278965220317; 122.0656994217291; 123.9515518202527; 125.8851495212446;
    127.8661995312759; 129.8944193258192; 131.9695361831665; 134.0912865782677; 136.259415629608; 138.4736765931935; 140.7338303985151; 143.0396452220347;
    145.3908960943091; 147.7873645373529; 150.2288382292573; 152.7151106934371; 155.2459810101847; 157.8212535484774; 160.440737716208; 163.1042477272156;
    165.8116023836621; 168.5626248724541; 171.3571425745458; 174.1949868860711; 177.0759930503621; 180
];
