function PB = neumaier3_k67_k48_k30_10D()
%NEUMAIER3_K67_K48_K30_10D  Self-contained mixed-variable adaptation of neumaier3.
%
% Copyright (C) 2026 J. F. A. Madeira
%
% Auto-generated by generate_selfcontained_mixed_wrappers.m
% Source instance: p=35, n=10, strategy=progressive, kappa=1000000
% Fixed variable pattern: C,K,D,C,D,K,C,K,D,C
% |K|max=67, |K|min=30, nK=3
%
% Structure:
%   x1    C  continuous   [-100, 100]  (orig: [-100, 100])
%   x2    K  categorical  {k2_1,...,k2_67}  embedding: permuted [-100,100]  (67 levels)
%   x3    D  discrete     {-100,...,100}  (101 pts)
%   x4    C  continuous   [-1000, 1000]  (orig: [-100, 100])
%   x5    D  discrete     {-100,...,100}  (28 pts)
%   x6    K  categorical  {k6_1,...,k6_30}  embedding: permuted [-100,100]  (30 levels)
%   x7    C  continuous   [-10000, 10000]  (orig: [-100, 100])
%   x8    K  categorical  {k8_1,...,k8_48}  embedding: permuted [-100,100]  (48 levels)
%   x9    D  discrete     {-100,...,100}  (23 pts)
%   x10   C  continuous   [-100000, 100000]  (orig: [-100, 100])
%
% Evaluation in embedded numeric space xh in R^10:
%   f(xh) = neumaier3_orig(xh)
%
% Known global optimum: f* = -210
% Exactly reachable representative x*: {x1=10, x2=k2_26, x3=24, x4=280, x5=30, x6=k6_21, x7=2800, x8=k8_10, x9=18, x10=10000}
%
lb_orig = [
    -100; -100; -100; -100; -100; -100; -100; -100;
    -100; -100
];
ub_orig = [
    100; 100; 100; 100; 100; 100; 100; 100;
    100; 100
];
lb_C_work = [
    -100; -100; -100; -1000; -100; -100; -10000; -100;
    -100; -100000
];
ub_C_work = [
    100; 100; 100; 1000; 100; 100; 10000; 100;
    100; 100000
];
K2_labels = {
    'k2_1'; 'k2_2'; 'k2_3'; 'k2_4'; 'k2_5'; 'k2_6'; 'k2_7'; 'k2_8'; 'k2_9'; 'k2_10';
    'k2_11'; 'k2_12'; 'k2_13'; 'k2_14'; 'k2_15'; 'k2_16'; 'k2_17'; 'k2_18'; 'k2_19'; 'k2_20';
    'k2_21'; 'k2_22'; 'k2_23'; 'k2_24'; 'k2_25'; 'k2_26'; 'k2_27'; 'k2_28'; 'k2_29'; 'k2_30';
    'k2_31'; 'k2_32'; 'k2_33'; 'k2_34'; 'k2_35'; 'k2_36'; 'k2_37'; 'k2_38'; 'k2_39'; 'k2_40';
    'k2_41'; 'k2_42'; 'k2_43'; 'k2_44'; 'k2_45'; 'k2_46'; 'k2_47'; 'k2_48'; 'k2_49'; 'k2_50';
    'k2_51'; 'k2_52'; 'k2_53'; 'k2_54'; 'k2_55'; 'k2_56'; 'k2_57'; 'k2_58'; 'k2_59'; 'k2_60';
    'k2_61'; 'k2_62'; 'k2_63'; 'k2_64'; 'k2_65'; 'k2_66'; 'k2_67'
};
K2_embed  = [
    42.65201289729578; 60.11496241916211; -13.46261916988657; 100; -99.97324231408686; 28.47339980425049; 30.3594577831488; -89.5892134551205;
    25.23461437864507; -96.06572674662974; 18.09814143102991; 88.57460593637752; 18.88492895820279; 56.18452361605399; -98.02752479544033; -99.85877208705452;
    -64.52515217218412; -68.63414041794886; -91.55127847029823; 45.71447805965929; 19.98433819887365; -99.62628583192723; -99.254594606586; -100;
    23.87114546979276; 18; -79.23478127614293; 37.14407596525464; 9.599481500235356; 73.27893557758318; 18.01859432410913; 94.16235155101101;
    32.43006724878204; 22.6706830432824; -60.11819010927078; -45.05153918665402; 39.79661428583215; -94.78047990130143; -75.98260156068355; -27.10099753185129;
    18.25969967611836; -98.72656564551305; 1.558579274299362; 21.62712413638375; -82.21443879985904; -93.27877318161801; 83.23360927091385; -6.12724519551422;
    -87.38426385844504; 20.73398649810476; 34.69005654257584; -39.39554188462038; -72.4512077573165; -84.92852223290784; 19.37070310825333; 78.1361460005873;
    -50.38701493289776; -97.14448893332816; 26.76686748819921; 48.98809157075995; 52.47682013137613; -33.41374544397885; 68.65862883379825; 64.27180401350623;
    -20.45226343713638; 18.51799357847414; -55.40738042256495
];
D3_vals = [
    -100; -99.89153848226482; -99.62231505855877; -99.21640088676143; -98.68482464591949; -98.03473244134823; -97.27134940228731; -96.39875930303468;
    -95.42029341868815; -94.33875181640451; -93.15654087915237; -91.87576437496566; -90.49828674049165; -89.02577875503421; -87.45975153076763; -85.80158245622039;
    -84.05253542363198; -82.21377688820439; -80.28638881924715; -78.27137928827763; -76.16969122980841; -73.98220976779199; -71.70976840110363; -69.3531542705621;
    -66.91311267862702; -64.39035099509192; -61.78554205383494; -59.09932712429459; -56.33231852494563; -53.48510193334748; -50.55823843739634; -47.55226636455717;
    -44.46770291959132; -41.3050456562664; -38.06477380446319; -34.74734947077606; -31.35321872797937; -27.8828126064851; -24.33654799904902; -20.7148284884247;
    -17.01804510635654; -13.2465770312002; -9.400792230523649; -5.481048054248689; -1.487691783211829; 2.578938862557564; 6.718515252046302; 10.93071740459058;
    15.2152335813466; 19.57175990423727; 24; 24.06647641409575; 24.23148431894785; 24.48027042424299; 24.80607521701709; 25.20451882627045;
    25.67239875343681; 26.20721204007552; 26.80691693693307; 27.46979727381659; 28.19437817084209; 28.97937022179525; 29.8236307074406; 30.72613560175323;
    31.68595873920693; 32.70225591392944; 33.77425248229008; 34.90123352013279; 36.08253588497755; 37.31754172653952; 38.6056731172142; 39.94638756167588;
    41.33917420577519; 42.78355060836516; 44.27905997116409; 45.82526874494366; 47.42176454764956; 49.06815434317429; 50.76406283954945; 52.50913107310961;
    54.30301515127321; 56.14538513140045; 58.03592401702467; 59.97432685583672; 61.96029992629675; 63.99356000178241; 66.07383368285136; 68.20085678957365;
    70.37437380703447; 72.59413737806229; 74.85990783803953; 77.17145278732892; 79.52854669742099; 81.93097054739596; 84.37851148770888; 86.87096252866431;
    89.40812225125418; 91.98979453829745; 94.61578832405114; 97.28591736066156; 100
];
D5_vals = [
    -100; -98.71517103666552; -95.52596568892001; -90.71752952240298; -84.4205076411325; -76.71955240177702; -67.6765603877931; -57.33990775698532;
    -45.74905660448098; -32.93717636638488; -18.93277291832435; -3.760767376641553; 12.55675424829982; 30; 30.60543507252587; 32.1082473737065;
    34.37407106097452; 37.34134375499108; 40.97017570609952; 45.23140010411456; 50.10222121244811; 55.56404376503188; 61.60123771263223; 68.2003705616096;
    75.34969902292667; 83.03881576170231; 91.25839444348983; 100
];
K6_labels = {
    'k6_1'; 'k6_2'; 'k6_3'; 'k6_4'; 'k6_5'; 'k6_6'; 'k6_7'; 'k6_8'; 'k6_9'; 'k6_10';
    'k6_11'; 'k6_12'; 'k6_13'; 'k6_14'; 'k6_15'; 'k6_16'; 'k6_17'; 'k6_18'; 'k6_19'; 'k6_20';
    'k6_21'; 'k6_22'; 'k6_23'; 'k6_24'; 'k6_25'; 'k6_26'; 'k6_27'; 'k6_28'; 'k6_29'; 'k6_30'
};
K6_embed  = [
    50.54286636206925; 70.97453265268845; -10.20109164149639; -89.01591014221808; -54.97869397303774; 31.47085557046611; 30.55584155006056; 89.31797326069699;
    8.817842798607714; 56.45324890186825; -66.06467322966353; 63.2522825917035; -27.12500951569663; 30.1053122807227; 100; 41.23865434538241;
    -100; -42.02562616006571; -75.36960579420602; 37.76322224333764; 30; -96.77650442775179; -82.98628836830838; -99.76919986065973;
    79.65272222626571; 35.01195344982309; -98.78182956133212; 32.93374928976472; 45.48442158427565; -93.57045787803214
];
K8_labels = {
    'k8_1'; 'k8_2'; 'k8_3'; 'k8_4'; 'k8_5'; 'k8_6'; 'k8_7'; 'k8_8'; 'k8_9'; 'k8_10';
    'k8_11'; 'k8_12'; 'k8_13'; 'k8_14'; 'k8_15'; 'k8_16'; 'k8_17'; 'k8_18'; 'k8_19'; 'k8_20';
    'k8_21'; 'k8_22'; 'k8_23'; 'k8_24'; 'k8_25'; 'k8_26'; 'k8_27'; 'k8_28'; 'k8_29'; 'k8_30';
    'k8_31'; 'k8_32'; 'k8_33'; 'k8_34'; 'k8_35'; 'k8_36'; 'k8_37'; 'k8_38'; 'k8_39'; 'k8_40';
    'k8_41'; 'k8_42'; 'k8_43'; 'k8_44'; 'k8_45'; 'k8_46'; 'k8_47'; 'k8_48'
};
