function PB = paviani_k120_k108_k56_10D()
%PAVIANI_K120_K108_K56_10D  Self-contained mixed-variable adaptation of paviani.
%
% Copyright (C) 2026 J. F. A. Madeira
%
% Auto-generated by generate_selfcontained_mixed_wrappers.m
% Source instance: p=36, n=10, strategy=progressive, kappa=1000000
% Fixed variable pattern: C,K,D,C,D,K,C,K,D,C
% |K|max=120, |K|min=56, nK=3
%
% Structure:
%   x1    C  continuous   [2.001, 9.999]  (orig: [2.001, 9.999])
%   x2    K  categorical  {k2_1,...,k2_56}  embedding: permuted [2.001,9.999]  (56 levels)
%   x3    D  discrete     {2.001,...,9.999}  (128 pts)
%   x4    C  continuous   [20.01, 99.99]  (orig: [2.001, 9.999])
%   x5    D  discrete     {2.001,...,9.999}  (96 pts)
%   x6    K  categorical  {k6_1,...,k6_120}  embedding: permuted [2.001,9.999]  (120 levels)
%   x7    C  continuous   [200.1, 999.9]  (orig: [2.001, 9.999])
%   x8    K  categorical  {k8_1,...,k8_108}  embedding: permuted [2.001,9.999]  (108 levels)
%   x9    D  discrete     {2.001,...,9.999}  (54 pts)
%   x10   C  continuous   [2001, 9999]  (orig: [2.001, 9.999])
%
% Evaluation in embedded numeric space xh in R^10:
%   f(xh) = paviani_orig(xh)
%
% Known global optimum: f* = -45.778
% Exactly reachable representative x*: {x1=9.351, x2=k2_42, x3=9.351, x4=93.51, x5=9.351, x6=k6_46, x7=935.1, x8=k8_46, x9=9.351, x10=9351}
%
lb_orig = [
    2.001; 2.001; 2.001; 2.001; 2.001; 2.001; 2.001; 2.001;
    2.001; 2.001
];
ub_orig = [
    9.999000000000001; 9.999000000000001; 9.999000000000001; 9.999000000000001; 9.999000000000001; 9.999000000000001; 9.999000000000001; 9.999000000000001;
    9.999000000000001; 9.999000000000001
];
lb_C_work = [
    2.000999999999999; 2.001; 2.001; 20.00999999999999; 2.001; 2.001; 200.1; 2.001;
    2.001; 2001
];
ub_C_work = [
    9.999000000000001; 9.999000000000001; 9.999000000000001; 99.99000000000001; 9.999000000000001; 9.999000000000001; 999.9000000000001; 9.999000000000001;
    9.999000000000001; 9999
];
K2_labels = {
    'k2_1'; 'k2_2'; 'k2_3'; 'k2_4'; 'k2_5'; 'k2_6'; 'k2_7'; 'k2_8'; 'k2_9'; 'k2_10';
    'k2_11'; 'k2_12'; 'k2_13'; 'k2_14'; 'k2_15'; 'k2_16'; 'k2_17'; 'k2_18'; 'k2_19'; 'k2_20';
    'k2_21'; 'k2_22'; 'k2_23'; 'k2_24'; 'k2_25'; 'k2_26'; 'k2_27'; 'k2_28'; 'k2_29'; 'k2_30';
    'k2_31'; 'k2_32'; 'k2_33'; 'k2_34'; 'k2_35'; 'k2_36'; 'k2_37'; 'k2_38'; 'k2_39'; 'k2_40';
    'k2_41'; 'k2_42'; 'k2_43'; 'k2_44'; 'k2_45'; 'k2_46'; 'k2_47'; 'k2_48'; 'k2_49'; 'k2_50';
    'k2_51'; 'k2_52'; 'k2_53'; 'k2_54'; 'k2_55'; 'k2_56'
};
K2_embed  = [
    2.001; 5.163444754011605; 8.11140963616292; 9.473773041887343; 2.28890526110708; 9.361373462493876; 9.575413894657475; 2.678663828619495;
    5.57773113083228; 2.015239223103262; 2.129393286445429; 2.003697828293981; 3.27297434122563; 7.003200687211434; 9.606507923762319; 2.03867951607479;
    9.546646977037216; 4.422540385358568; 9.8934150933346; 3.520573078335712; 9.453768442861568; 7.541146960921088; 9.419823725071302; 6.497025223902781;
    2.07615507011206; 9.520154551901371; 9.755149957152785; 9.352150449925327; 2.852837489414759; 9.405751463291098; 9.43580680874874; 9.357072111109668;
    9.495882106715678; 2.397670838190219; 9.675879297964304; 9.374261141688692; 3.050661566196291; 3.794218979617073; 9.844687068364681; 9.798613020125465;
    6.022060546403715; 9.351000000000001; 9.999000000000001; 9.351217969501345; 9.393518482235931; 4.094641235859637; 2.527255112231424; 9.367067885621669;
    9.383048794577194; 9.944839066206862; 2.199873678139121; 4.778591134696167; 9.639979955755981; 9.714253798721758; 8.714520822189439; 9.354044295053196
];
D3_vals = [
    2.001; 2.005241059349858; 2.015768226423966; 2.031640271454209; 2.052425951329075; 2.077845839230689; 2.107695622296031; 2.14181561689232;
    2.18007556359026; 2.222365974239183; 2.26859275451696; 2.318673642942502; 2.372535736364163; 2.43011370401453; 2.491348458426; 2.556186140989373;
    2.624577331024287; 2.696476417830798; 2.771841094274063; 2.850631942768718; 2.932812092714806; 3.018346934019339; 3.10720387523171; 3.199352137592791;
    3.294762578305848; 3.393407537816235; 3.495260706991742; 3.600297010932029; 3.708492506776563; 3.819824293377164; 3.934270431090003; 4.051809870249019;
    4.172422387127545; 4.296088526391539; 4.422789549207087; 4.552507386294567; 4.685224595328347; 4.82092432216885; 4.959590265486751; 5.101206644400072;
    5.245758168796058; 5.393230012052845; 5.543607785912482; 5.696877517287939; 5.853025626813283; 6.012038908969009; 6.173904513634074; 6.338609928933172;
    6.506142965262409; 6.676491740389391; 6.84964466553477; 7.025590432352152; 7.204318000731703; 7.38581658736045; 7.570075654978744; 7.757084902278386;
    7.946834254392993; 8.139313853935857; 8.334514052544661; 8.532425402896083; 8.733038651156569; 8.936344729838581; 9.14233475103414; 9.351000000000001;
    9.351363455338886; 9.352265625000001; 9.353625846357307; 9.355407162226687; 9.357585625956988; 9.360143728101926; 9.363067783903972; 9.366346630235919;
    9.369970884052252; 9.373932481546053; 9.378224372975257; 9.382840310599031; 9.38777469562371; 9.393022464301353; 9.398579000992928; 9.404440070386302;
    9.410601763681568; 9.417060455191653; 9.423812766861538; 9.430855538910775; 9.438185805282529; 9.445800772915975; 9.453697804096475; 9.461874401310038;
    9.470328194155313; 9.479056927961057; 9.488058453828691; 9.497330719874533; 9.506871763488796; 9.51667970446184; 9.526752738854395; 9.53708913350952;
    9.547687221120906; 9.558545395785719; 9.569662108981383; 9.581035865914767; 9.592665222199811; 9.604548780825843; 9.616685189384105; 9.629073137524362;
    9.641711354617172; 9.654598607600526; 9.667733698992222; 9.681115465051638; 9.694742774076488; 9.708614524821844; 9.72272964503016; 9.737087090062293;
    9.751685841620585; 9.766524906556066; 9.781603315752641; 9.796920123081874; 9.812474404422606; 9.82826525674025; 9.844291797221072; 9.860553162457204;
    9.877048507678627; 9.893777006028525; 9.910737847878975; 9.92793024018396; 9.94535340586717; 9.963006583242114; 9.980889025462384; 9.999000000000001
];
D5_vals = [
    2.001; 2.00818639682502; 2.026024487216362; 2.052919374696707; 2.088140325769602; 2.131213856847308; 2.181793763552802; 2.23960946491634;
    2.30444023873814; 2.376100559366841; 2.454430985709541; 2.539292127204177; 2.630560450805273; 2.728125254732741; 2.831886416362828; 2.941752673275884;
    3.057640283040794; 3.179471959167982; 3.307176012997977; 3.440685652159592; 3.579938400101431; 3.724875610659445; 3.87544205822186; 4.031585588749172;
    4.193256820309969; 4.360408884299195; 4.5329972003777; 4.710979279589464; 4.894314551199031; 5.082964209633319; 5.276891078570621; 5.476059489740145;
    5.680435174410158; 5.889985165876059; 6.104677711529497; 6.324482193309505; 6.549369055517099; 6.779309739123706; 7.014276621827525; 7.254242963215193;
    7.499182854472728; 7.749071172162921; 8.00388353564812; 8.263596267790145; 8.528186358603948; 8.797631431580355; 9.071909712426331; 9.351000000000001;
    9.3516100153713; 9.353124196900414; 9.355407162226687; 9.358396883232828; 9.362053168391203; 9.366346630235919; 9.371254300573769; 9.376757443459896;
    9.382840310599031; 9.389489367876674; 9.396692783162267; 9.404440070386302; 9.412721832657807; 9.421529571094654; 9.430855538910775; 9.440692627652318;
    9.451034276876296; 9.461874401310038; 9.473207331300987; 9.485027763543799; 9.497330719874533; 9.510111512481913; 9.523365714284253; 9.53708913350952;
    9.551277791728719; 9.565927904751687; 9.581035865914767; 9.596598231381936; 9.612611707152507; 9.629073137524362; 9.64597949480588; 9.663327870104938;
    9.681115465051638; 9.69933958433432; 9.717997628947071; 9.737087090062293; 9.756605543454487; 9.776550644411959; 9.796920123081874; 9.817711780201492;
    9.83892348317457; 9.860553162457204; 9.882598808221859; 9.905058467272108; 9.92793024018396; 9.951212278652378; 9.974902783024108; 9.999000000000001
];
