function PB = rastrigin_k125_k113_k53_10D()
%RASTRIGIN_K125_K113_K53_10D  Self-contained mixed-variable adaptation of rastrigin.
%
% Copyright (C) 2026 J. F. A. Madeira
%
% Auto-generated by generate_selfcontained_mixed_wrappers.m
% Source instance: p=40, n=10, strategy=progressive, kappa=1000000
% Fixed variable pattern: C,K,D,C,D,K,C,K,D,C
% |K|max=125, |K|min=53, nK=3
%
% Structure:
%   x1    C  continuous   [-5.12, 5.12]  (orig: [-5.12, 5.12])
%   x2    K  categorical  {k2_1,...,k2_53}  embedding: permuted [-5.12,5.12]  (53 levels)
%   x3    D  discrete     {-5.12,...,5.12}  (75 pts)
%   x4    C  continuous   [-51.2, 51.2]  (orig: [-5.12, 5.12])
%   x5    D  discrete     {-5.12,...,5.12}  (66 pts)
%   x6    K  categorical  {k6_1,...,k6_113}  embedding: permuted [-5.12,5.12]  (113 levels)
%   x7    C  continuous   [-512, 512]  (orig: [-5.12, 5.12])
%   x8    K  categorical  {k8_1,...,k8_125}  embedding: permuted [-5.12,5.12]  (125 levels)
%   x9    D  discrete     {-5.12,...,5.12}  (77 pts)
%   x10   C  continuous   [-5120, 5120]  (orig: [-5.12, 5.12])
%
% Evaluation in embedded numeric space xh in R^10:
%   f(xh) = rastrigin_orig(xh)
%
% Known global optimum: f* = 0
% Exactly reachable representative x*: {x1=0, x2=k2_32, x3=0, x4=0, x5=0, x6=k6_39, x7=0, x8=k8_16, x9=0, x10=0}
%
lb_orig = [
    -5.12; -5.12; -5.12; -5.12; -5.12; -5.12; -5.12; -5.12;
    -5.12; -5.12
];
ub_orig = [
    5.12; 5.12; 5.12; 5.12; 5.12; 5.12; 5.12; 5.12;
    5.12; 5.12
];
lb_C_work = [
    -5.12; -5.12; -5.12; -51.2; -5.12; -5.12; -512; -5.12;
    -5.12; -5120
];
ub_C_work = [
    5.12; 5.12; 5.12; 51.2; 5.12; 5.12; 512; 5.12;
    5.12; 5120
];
K2_labels = {
    'k2_1'; 'k2_2'; 'k2_3'; 'k2_4'; 'k2_5'; 'k2_6'; 'k2_7'; 'k2_8'; 'k2_9'; 'k2_10';
    'k2_11'; 'k2_12'; 'k2_13'; 'k2_14'; 'k2_15'; 'k2_16'; 'k2_17'; 'k2_18'; 'k2_19'; 'k2_20';
    'k2_21'; 'k2_22'; 'k2_23'; 'k2_24'; 'k2_25'; 'k2_26'; 'k2_27'; 'k2_28'; 'k2_29'; 'k2_30';
    'k2_31'; 'k2_32'; 'k2_33'; 'k2_34'; 'k2_35'; 'k2_36'; 'k2_37'; 'k2_38'; 'k2_39'; 'k2_40';
    'k2_41'; 'k2_42'; 'k2_43'; 'k2_44'; 'k2_45'; 'k2_46'; 'k2_47'; 'k2_48'; 'k2_49'; 'k2_50';
    'k2_51'; 'k2_52'; 'k2_53'
};
K2_embed  = [
    0.6496454038525207; 2.41180709338426; -5.062683731954486; 1.367580650870042; 4.660043241952927; -5.109140597874108; -4.149941397433345; -3.752419349129958;
    -1.305121310136922; 0.02873590883419814; -4.81748292359186; -2.70819290661574; -4.470354596147479; -2.053378097295773; 0.3025170764081403; 0.9700586025666549;
    -3.001697698376024; 1.846763732683634; 3.42884899832261; -4.968330963880107; 0.0979178651577059; 2.118302301623976; -5.12; 0.4013432364310708;
    -0.4599567580470731; -5.117942528036924; -4.603186409273654; -1.69115100167739; 0.002057471963076588; -3.273236267316366; 3.814878689863078; 0;
    -4.718656763568929; 3.066621902704227; 0.05731626804551377; -3.961112678854918; 0.01085940212589197; 2.727758485433433; -5.091264091165802; 0.5168135907263459;
    -3.523305298142283; 1.158887321145082; 0.1516690361198925; -5.022082134842294; 0.8005139719179921; -4.319486028082008; 5.12; -2.392241514566567;
    0.2195680889223071; 1.596694701857717; -0.8948619254799155; -4.900431911077693; 4.225138074520085
];
D3_vals = [
    -5.12; -5.112299713967297; -5.093186046626758; -5.06436794327697; -5.026628391146911; -4.980474731974892; -4.926277926729776; -4.864327905248833;
    -4.794861173268312; -4.718076523119988; -4.634144797306798; -4.543215354015368; -4.445420559966854; -4.340879033071143; -4.229698055581084; -4.111975415964589;
    -3.987800844957152; -3.85725715569736; -3.720421163200674; -3.577364436067529; -3.42815391846032; -3.272852450248442; -3.111519206150092; -2.944210069667357;
    -2.770977953964641; -2.591873079155545; -2.406943213457053; -2.216233884151133; -2.01978856312991; -1.817648830898846; -1.609854522206528; -1.396443855912011;
    -1.177453551256213; -0.9529189323467726; -0.7228740223767485; -0.4873516288619184; -0.2463834209880513; 0; 0.007700286032702708; 0.02681395337324248;
    0.05563205672303036; 0.09337160885308901; 0.1395252680251081; 0.1937220732702241; 0.2556720947511678; 0.325138826731688; 0.4019234768800123; 0.4858552026932024;
    0.5767846459846321; 0.6745794400331464; 0.7791209669288566; 0.8903019444189165; 1.008024584035411; 1.132199155042848; 1.262742844302639; 1.399578836799326;
    1.542635563932471; 1.69184608153968; 1.847147549751559; 2.008480793849908; 2.175789930332643; 2.349022046035359; 2.528126920844455; 2.713056786542948;
    2.903766115848867; 3.10021143687009; 3.302351169101154; 3.510145477793472; 3.723556144087989; 3.942546448743788; 4.167081067653227; 4.397125977623252;
    4.632648371138082; 4.873616579011949; 5.12
];
D5_vals = [
    -5.12; -5.11; -5.085177977468155; -5.047753259441579; -4.998742674679169; -4.938805084080577; -4.868422237242232; -4.787970652433764;
    -4.697757468552674; -4.598040847868424; -4.489042655519807; -4.370956855972547; -4.243955347673784; -4.108192174134869; -3.963806657781476; -3.810925791906452;
    -3.649666105603795; -3.480135144409133; -3.302432664377157; -3.116651608289641; -2.922878913387765; -2.721196186860046; -2.511680276135203; -2.294403754494082;
    -2.069435337779421; -1.836840244495291; -1.596680508982733; -1.349015255385676; -1.093900938609742; -0.8313915573054791; -0.5615388429909363; -0.2843924287042814;
    0; 0.00946117050457122; 0.0329457092487806; 0.06835387308227397; 0.1147236229788651; 0.1714315994075115; 0.2380220108609815; 0.3141386269845695;
    0.3994908584304928; 0.4938344534738268; 0.5969595017238587; 0.7086824900923832; 0.8288407825276147; 0.9572886358369512; 1.093894234697952; 1.23853742859096;
    1.391107967353271; 1.551504100319925; 1.719631446586694; 1.895402071403024; 2.078733721962716; 2.269549188313271; 2.467775763792096; 2.673344785580777;
    2.886191240448861; 3.106253424057641; 3.333472644659345; 3.567792963893308; 3.809160968810739; 4.057525570367652; 4.312837824492775; 4.575050772522433;
    4.844119298340465; 5.12
];
K6_labels = {
    'k6_1'; 'k6_2'; 'k6_3'; 'k6_4'; 'k6_5'; 'k6_6'; 'k6_7'; 'k6_8'; 'k6_9'; 'k6_10';
    'k6_11'; 'k6_12'; 'k6_13'; 'k6_14'; 'k6_15'; 'k6_16'; 'k6_17'; 'k6_18'; 'k6_19'; 'k6_20';
    'k6_21'; 'k6_22'; 'k6_23'; 'k6_24'; 'k6_25'; 'k6_26'; 'k6_27'; 'k6_28'; 'k6_29'; 'k6_30';
    'k6_31'; 'k6_32'; 'k6_33'; 'k6_34'; 'k6_35'; 'k6_36'; 'k6_37'; 'k6_38'; 'k6_39'; 'k6_40';
    'k6_41'; 'k6_42'; 'k6_43'; 'k6_44'; 'k6_45'; 'k6_46'; 'k6_47'; 'k6_48'; 'k6_49'; 'k6_50';
    'k6_51'; 'k6_52'; 'k6_53'; 'k6_54'; 'k6_55'; 'k6_56'; 'k6_57'; 'k6_58'; 'k6_59'; 'k6_60';
    'k6_61'; 'k6_62'; 'k6_63'; 'k6_64'; 'k6_65'; 'k6_66'; 'k6_67'; 'k6_68'; 'k6_69'; 'k6_70';
    'k6_71'; 'k6_72'; 'k6_73'; 'k6_74'; 'k6_75'; 'k6_76'; 'k6_77'; 'k6_78'; 'k6_79'; 'k6_80';
    'k6_81'; 'k6_82'; 'k6_83'; 'k6_84'; 'k6_85'; 'k6_86'; 'k6_87'; 'k6_88'; 'k6_89'; 'k6_90';
    'k6_91'; 'k6_92'; 'k6_93'; 'k6_94'; 'k6_95'; 'k6_96'; 'k6_97'; 'k6_98'; 'k6_99'; 'k6_100';
    'k6_101'; 'k6_102'; 'k6_103'; 'k6_104'; 'k6_105'; 'k6_106'; 'k6_107'; 'k6_108'; 'k6_109'; 'k6_110';
    'k6_111'; 'k6_112'; 'k6_113'
};
