function PB = salomon_k87_k80_k74_10D()
%SALOMON_K87_K80_K74_10D  Self-contained mixed-variable adaptation of salomon.
%
% Copyright (C) 2026 J. F. A. Madeira
%
% Auto-generated by generate_selfcontained_mixed_wrappers.m
% Source instance: p=43, n=10, strategy=progressive, kappa=1000000
% Fixed variable pattern: C,K,D,C,D,K,C,K,D,C
% |K|max=87, |K|min=74, nK=3
%
% Structure:
%   x1    C  continuous   [-100, 100]  (orig: [-100, 100])
%   x2    K  categorical  {k2_1,...,k2_80}  embedding: permuted [-100,100]  (80 levels)
%   x3    D  discrete     {-100,...,100}  (110 pts)
%   x4    C  continuous   [-1000, 1000]  (orig: [-100, 100])
%   x5    D  discrete     {-100,...,100}  (21 pts)
%   x6    K  categorical  {k6_1,...,k6_87}  embedding: permuted [-100,100]  (87 levels)
%   x7    C  continuous   [-10000, 10000]  (orig: [-100, 100])
%   x8    K  categorical  {k8_1,...,k8_74}  embedding: permuted [-100,100]  (74 levels)
%   x9    D  discrete     {-100,...,100}  (107 pts)
%   x10   C  continuous   [-100000, 100000]  (orig: [-100, 100])
%
% Evaluation in embedded numeric space xh in R^10:
%   f(xh) = salomon_orig(xh)
%
% Known global optimum: f* = 0
% Exactly reachable representative x*: {x1=0, x2=k2_1, x3=0, x4=0, x5=0, x6=k6_80, x7=0, x8=k8_41, x9=0, x10=0}
%
lb_orig = [
    -100; -100; -100; -100; -100; -100; -100; -100;
    -100; -100
];
ub_orig = [
    100; 100; 100; 100; 100; 100; 100; 100;
    100; 100
];
lb_C_work = [
    -100; -100; -100; -1000; -100; -100; -10000; -100;
    -100; -100000
];
ub_C_work = [
    100; 100; 100; 1000; 100; 100; 10000; 100;
    100; 100000
];
K2_labels = {
    'k2_1'; 'k2_2'; 'k2_3'; 'k2_4'; 'k2_5'; 'k2_6'; 'k2_7'; 'k2_8'; 'k2_9'; 'k2_10';
    'k2_11'; 'k2_12'; 'k2_13'; 'k2_14'; 'k2_15'; 'k2_16'; 'k2_17'; 'k2_18'; 'k2_19'; 'k2_20';
    'k2_21'; 'k2_22'; 'k2_23'; 'k2_24'; 'k2_25'; 'k2_26'; 'k2_27'; 'k2_28'; 'k2_29'; 'k2_30';
    'k2_31'; 'k2_32'; 'k2_33'; 'k2_34'; 'k2_35'; 'k2_36'; 'k2_37'; 'k2_38'; 'k2_39'; 'k2_40';
    'k2_41'; 'k2_42'; 'k2_43'; 'k2_44'; 'k2_45'; 'k2_46'; 'k2_47'; 'k2_48'; 'k2_49'; 'k2_50';
    'k2_51'; 'k2_52'; 'k2_53'; 'k2_54'; 'k2_55'; 'k2_56'; 'k2_57'; 'k2_58'; 'k2_59'; 'k2_60';
    'k2_61'; 'k2_62'; 'k2_63'; 'k2_64'; 'k2_65'; 'k2_66'; 'k2_67'; 'k2_68'; 'k2_69'; 'k2_70';
    'k2_71'; 'k2_72'; 'k2_73'; 'k2_74'; 'k2_75'; 'k2_76'; 'k2_77'; 'k2_78'; 'k2_79'; 'k2_80'
};
K2_embed  = [
    0; -86.36916833604256; -58.62690817140673; 67.70261159650239; -99.78790230222867; 32.36771501308581; -65.60455251873609; 18.94645708137998;
    4.512305186817801; -28.05603915597806; 77.6572527566488; 9.498937770848064; -82.19862350876528; -96.18543567205572; -88.21491005342173; -17.47777198202959;
    94.10464867688476; 1.053462357010396; 3.589682359365735; -97.76714299126952; -89.90598455612606; 0.3981071705534973; 14.71329806411724; -33.03029300151152;
    35.56248134675; 21.30013363524494; -74.69190959833995; 38.93400271206263; 6.737830265435749; -94.0914633514035; -99.57695270515229; -91.44633516867461;
    50.13569413029385; -79.86660877250173; 2.787648702973483; 11.09031749048235; 0.07542720420681456; 2.101222243523015; -97.03771413828335; -100;
    -99.91984752584774; -54.85348635586504; -95.20501351393263; 8.049396238517001; -92.84006650025273; 72.58039497448974; 0.6801176275750972; -77.36548200888512;
    -99.98481394588508; 58.53504664669779; -46.72346708137825; 88.41717865652724; -99.2772752067644; -68.81455660434148; -62.2096444259025; -11.86892229469132;
    63.02160749086669; 46.21800718612763; 0.01429078287272895; 12.82724624910471; 23.8160895593106; 1.525075403640838; 42.48496805467504; -98.37938356384784;
    54.24055017249969; -84.36496148597672; 100; -50.88658441856516; 29.34695194581322; 5.560207655106708; 26.49737348600972; -98.88054163973607;
    82.93544104973307; 16.75192280672599; -6.043771588676634; -71.84265192148965; -42.3614551086221; -37.7979223452795; 0.1995937933394686; -22.8726784542814
];
D3_vals = [
    -100; -99.92384626080511; -99.73481727778714; -99.44981405618333; -99.07658012720478; -98.62013296296327; -98.08414126677116; -97.47147236603922;
    -96.78446523831713; -96.02508588581874; -95.19502389453565; -94.29575637640147; -93.32859240236735; -92.29470507137206; -91.19515537578252; -90.030910417009;
    -88.80285760767481; -87.51181594724713; -86.15854511538313; -84.7437529061192; -83.2681013790544; -81.73221200344382; -80.13667000119193; -78.4820280449689;
    -76.76880943161139; -74.99751082441438; -73.16860463808072; -71.28254112507413; -69.33975021061049; -67.34064311460486; -65.28561379191065; -63.17504021667224;
    -61.0092855322176; -58.78869908438515; -56.51361735332124; -54.18436479645372; -51.80125461343562; -49.36458944227409; -46.87466199454884; -44.33175563653023;
    -41.73614492208865; -39.0880960825124; -36.38786747769538; -33.63571001259731; -30.83186752240333; -27.97657712939943; -25.07006957422988; -22.11256952389657;
    -19.10429585859875; -16.04546193928056; -12.93627585755473; -9.776940669495573; -6.567654614640645; -3.308611321406033; 0; 0.0736795829432568;
    0.2565672097387028; 0.5323109713354117; 0.8934189158453704; 1.335036583638163; 1.853614463778999; 2.44637838536019; 3.111065361794398; 3.845773264247045;
    4.648867399628545; 5.51891864584486; 6.454660462306602; 7.454957862846627; 8.518784325643104; 9.645204169410679; 10.8333588126447; 12.08245586432391;
    13.39176032599776; 14.76058739912635; 16.18829653374247; 17.6742864514846; 19.2179909437029; 20.81887529349083; 22.47643320538494; 24.19018415216719;
    25.9596710674; 27.78445832685672; 29.66412997314719; 31.59828814646623; 33.58655169114637; 35.62855491303235; 37.72394646694748; 39.87238835693844;
    42.07355503475095; 44.32713258424356; 46.63281798129614; 48.99031842029748; 51.39935069956447; 53.85964065910392; 56.37092266501682; 58.93293913559414;
    61.54544010478789; 64.20818281928101; 66.9209313658415; 69.68345632604117; 72.49553445576082; 75.35694838719715; 78.26748635134226; 81.22694191912851;
    84.23511375962451; 87.29180541383789; 90.39682508282868; 93.54998542896787; 96.75110338929122; 100
];
D5_vals = [
    -100; -98.41510680753889; -94.48108135415514; -88.54966327114548; -80.7820090562971; -71.28254112507413; -60.12761164306156; -47.37689473449682;
    -33.0790686341585; -17.27504930438906; 0; 1.584893192461113; 5.51891864584486; 11.45033672885453; 19.2179909437029; 28.71745887492587;
    39.87238835693844; 52.62310526550318; 66.9209313658415; 82.72495069561094; 100
];
K6_labels = {
    'k6_1'; 'k6_2'; 'k6_3'; 'k6_4'; 'k6_5'; 'k6_6'; 'k6_7'; 'k6_8'; 'k6_9'; 'k6_10';
    'k6_11'; 'k6_12'; 'k6_13'; 'k6_14'; 'k6_15'; 'k6_16'; 'k6_17'; 'k6_18'; 'k6_19'; 'k6_20';
    'k6_21'; 'k6_22'; 'k6_23'; 'k6_24'; 'k6_25'; 'k6_26'; 'k6_27'; 'k6_28'; 'k6_29'; 'k6_30';
    'k6_31'; 'k6_32'; 'k6_33'; 'k6_34'; 'k6_35'; 'k6_36'; 'k6_37'; 'k6_38'; 'k6_39'; 'k6_40';
    'k6_41'; 'k6_42'; 'k6_43'; 'k6_44'; 'k6_45'; 'k6_46'; 'k6_47'; 'k6_48'; 'k6_49'; 'k6_50';
    'k6_51'; 'k6_52'; 'k6_53'; 'k6_54'; 'k6_55'; 'k6_56'; 'k6_57'; 'k6_58'; 'k6_59'; 'k6_60';
    'k6_61'; 'k6_62'; 'k6_63'; 'k6_64'; 'k6_65'; 'k6_66'; 'k6_67'; 'k6_68'; 'k6_69'; 'k6_70';
    'k6_71'; 'k6_72'; 'k6_73'; 'k6_74'; 'k6_75'; 'k6_76'; 'k6_77'; 'k6_78'; 'k6_79'; 'k6_80';
    'k6_81'; 'k6_82'; 'k6_83'; 'k6_84'; 'k6_85'; 'k6_86'; 'k6_87'
};
